1770931800000,0.0453,0.0456,0.0453,0.0455,10445
1770932700000,0.0455,0.0456,0.0454,0.0455,31343
1770933600000,0.0455,0.0456,0.0455,0.0455,38958
1770934500000,0.0455,0.0457,0.0455,0.0457,28119
1770935400000,0.0457,0.0459,0.0456,0.0457,17542
1770936300000,0.0457,0.0462,0.0457,0.0462,55786
1770937200000,0.0462,0.0466,0.0462,0.0466,22989
1770938100000,0.0466,0.0468,0.0466,0.0468,42258
1770939000000,0.0468,0.0468,0.0466,0.0466,60829
1770939900000,0.0466,0.0466,0.0465,0.0466,39735
1770940800000,0.0466,0.0468,0.0463,0.0463,71763
1770941700000,0.0463,0.0463,0.0461,0.0463,72300
1770942600000,0.0463,0.0463,0.0458,0.0459,110294
1770943500000,0.0459,0.046,0.0458,0.046,30307
1770944400000,0.046,0.0464,0.046,0.0464,51846
1770945300000,0.0464,0.0465,0.0461,0.0461,98653
1770946200000,0.0461,0.0469,0.0461,0.0465,175101
1770947100000,0.0465,0.0467,0.0464,0.0464,58505
1770948000000,0.0464,0.0465,0.0463,0.0465,21371
1770948900000,0.0465,0.0465,0.0463,0.0464,88077
1770949800000,0.0464,0.0464,0.0461,0.0462,30085
1770950700000,0.0462,0.0464,0.0462,0.0464,25472
1770951600000,0.0464,0.0464,0.0462,0.0462,12456
1770952500000,0.0462,0.0467,0.0462,0.0467,153611
1770953400000,0.0467,0.0471,0.0465,0.0465,1053491
1770954300000,0.0465,0.0465,0.0464,0.0465,106624
1770955200000,0.0465,0.0465,0.0461,0.0462,139907
1770956100000,0.0462,0.0464,0.0461,0.0462,152738
1770957000000,0.0462,0.0463,0.0462,0.0463,9066
1770957900000,0.0463,0.0463,0.0462,0.0463,24278
1770958800000,0.0463,0.0464,0.0461,0.0464,77398
1770959700000,0.0464,0.0466,0.0464,0.0464,19243
1770960600000,0.0464,0.0466,0.0464,0.0466,115775
1770961500000,0.0466,0.0467,0.0461,0.0462,105693
1770962400000,0.0462,0.0462,0.0461,0.0462,15783
1770963300000,0.0462,0.0463,0.046,0.046,30681
1770964200000,0.046,0.046,0.0457,0.0459,154761
1770965100000,0.0459,0.0461,0.0458,0.0461,65525
1770966000000,0.0461,0.0464,0.0461,0.0464,210394
1770966900000,0.0464,0.0464,0.0463,0.0463,4850
1770967800000,0.0463,0.0463,0.0459,0.0461,65608
1770968700000,0.0461,0.0462,0.046,0.0462,41689
1770969600000,0.0462,0.0465,0.0462,0.0465,10316
1770970500000,0.0465,0.0466,0.0464,0.0466,17883
1770971400000,0.0466,0.0469,0.0466,0.0468,17083
1770972300000,0.0468,0.0471,0.0468,0.0468,72554
1770973200000,0.0468,0.0468,0.0465,0.0466,40992
1770974100000,0.0466,0.0469,0.0466,0.0469,154726
1770975000000,0.0469,0.047,0.0469,0.047,30500
1770975900000,0.047,0.047,0.0468,0.0469,8805
1770976800000,0.0469,0.0473,0.0469,0.0473,63138
1770977700000,0.0473,0.0476,0.047,0.047,268247
1770978600000,0.047,0.0473,0.047,0.0472,253403
1770979500000,0.0472,0.0473,0.0469,0.0469,15856
1770980400000,0.0469,0.0469,0.0468,0.0469,42390
1770981300000,0.0469,0.0471,0.0468,0.0471,54257
1770982200000,0.0471,0.0471,0.047,0.0471,57254
1770983100000,0.0471,0.0471,0.047,0.0471,74838
1770984000000,0.0471,0.0471,0.0468,0.0471,64064
1770984900000,0.0471,0.0472,0.0469,0.047,69861
1770985800000,0.047,0.0472,0.047,0.0471,17274
1770986700000,0.0471,0.0476,0.0471,0.0475,111973
1770987600000,0.0475,0.0479,0.0475,0.0479,179073
1770988500000,0.0479,0.048,0.0477,0.048,239043
1770989400000,0.048,0.0482,0.0474,0.0474,233916
1770990300000,0.0474,0.0476,0.0474,0.0475,78130
1770991200000,0.0475,0.0477,0.0475,0.0477,61494
1770992100000,0.0477,0.0479,0.0476,0.0477,38186
1770993000000,0.0477,0.0481,0.0474,0.0476,1050746
1770993900000,0.0476,0.0483,0.0476,0.0483,935835
1770994800000,0.0483,0.0506,0.0483,0.0502,2466544
1770995700000,0.0502,0.0508,0.0499,0.0503,841333
1770996600000,0.0503,0.0505,0.0487,0.0487,496998
1770997500000,0.0487,0.0487,0.0482,0.0482,358554
1770998400000,0.0482,0.0487,0.0482,0.0485,518007
1770999300000,0.0485,0.0487,0.0485,0.0487,50598
1771000200000,0.0487,0.049,0.0487,0.049,53176
1771001100000,0.049,0.049,0.0488,0.049,25029
1771002000000,0.049,0.049,0.0487,0.0488,219292
1771002900000,0.0488,0.0491,0.0487,0.0491,73939
1771003800000,0.0491,0.0491,0.049,0.049,45190
1771004700000,0.049,0.049,0.0488,0.0489,24028
1771005600000,0.0489,0.0489,0.0488,0.0488,323674
1771006500000,0.0488,0.0489,0.0487,0.0488,70221
1771007400000,0.0488,0.049,0.0487,0.0489,386859
1771008300000,0.0489,0.0489,0.0488,0.0489,62588
1771009200000,0.0489,0.049,0.0489,0.049,9650
1771010100000,0.049,0.0491,0.049,0.0491,12080
1771011000000,0.0491,0.0492,0.049,0.0491,23084
1771011900000,0.0491,0.0492,0.0491,0.0492,19268
1771012800000,0.0492,0.0492,0.049,0.049,110801
1771013700000,0.049,0.0491,0.049,0.049,31176
1771014600000,0.049,0.0491,0.049,0.049,19222
1771015500000,0.049,0.0491,0.0489,0.049,26703
1771016400000,0.049,0.0494,0.049,0.0493,46725
1771017300000,0.0493,0.0493,0.0491,0.0491,35327
1771018200000,0.0491,0.0491,0.049,0.0491,35395
1771019100000,0.0491,0.0491,0.049,0.0491,48374
1771020000000,0.0491,0.0492,0.0489,0.0489,37223
1771020900000,0.0489,0.049,0.0489,0.049,61251
1771021800000,0.049,0.0491,0.049,0.049,51533
1771022700000,0.049,0.0491,0.049,0.0491,81456
1771023600000,0.0491,0.0492,0.0491,0.0491,28510
1771024500000,0.0491,0.0492,0.0491,0.0492,114389
1771025400000,0.0492,0.0493,0.0491,0.0491,5306
1771026300000,0.0491,0.0494,0.0491,0.0494,21395
1771027200000,0.0494,0.0494,0.0491,0.0491,93124
1771028100000,0.0491,0.0493,0.0491,0.0492,75412
1771029000000,0.0492,0.0494,0.0491,0.0494,54456
1771029900000,0.0494,0.0497,0.0493,0.0496,483170
1771030800000,0.0496,0.0496,0.0494,0.0496,177251
1771031700000,0.0496,0.0497,0.0496,0.0496,46822
1771032600000,0.0496,0.0498,0.0495,0.0498,80482
1771033500000,0.0498,0.05,0.0497,0.0499,238372
1771034400000,0.0499,0.0508,0.0499,0.0505,1609844
1771035300000,0.0505,0.051,0.0505,0.051,804083
1771036200000,0.051,0.051,0.0502,0.0502,561937
1771037100000,0.0502,0.051,0.0502,0.051,155345
1771038000000,0.051,0.0512,0.0508,0.0512,43921
1771038900000,0.0512,0.0513,0.051,0.0511,55860
1771039800000,0.0511,0.0515,0.0511,0.0512,14674
1771040700000,0.0512,0.0512,0.0512,0.0512,9428
1771041600000,0.0512,0.0515,0.0512,0.0514,80238
1771042500000,0.0514,0.0515,0.0508,0.051,49970
1771043400000,0.051,0.0515,0.051,0.0515,116646
1771044300000,0.0515,0.0515,0.0514,0.0514,203889
1771045200000,0.0514,0.0518,0.0511,0.0517,95153
1771046100000,0.0517,0.0518,0.0514,0.0514,46394
1771047000000,0.0514,0.0515,0.051,0.051,214467
1771047900000,0.051,0.0511,0.0506,0.0507,40821
1771048800000,0.0507,0.0507,0.0504,0.0505,19033
1771049700000,0.0505,0.0509,0.0505,0.0509,24713
1771050600000,0.0509,0.0512,0.0509,0.0511,47524
1771051500000,0.0511,0.0511,0.0511,0.0511,20237
1771052400000,0.0511,0.0512,0.0511,0.0511,76319
1771053300000,0.0511,0.0512,0.051,0.0511,86028
1771054200000,0.0511,0.0512,0.051,0.0512,88035
1771055100000,0.0512,0.0512,0.051,0.0511,68626
1771056000000,0.0511,0.0525,0.0511,0.0524,660674
1771056900000,0.0524,0.0533,0.0517,0.0517,1218146
1771057800000,0.0517,0.0533,0.0517,0.0533,327671
1771058700000,0.0533,0.0544,0.0527,0.0527,1506049
1771059600000,0.0527,0.0541,0.0526,0.0534,591376
1771060500000,0.0534,0.0536,0.0529,0.0531,805150
1771061400000,0.0531,0.0531,0.0525,0.0528,266686
1771062300000,0.0528,0.0529,0.0526,0.0526,57408
1771063200000,0.0526,0.0526,0.0521,0.0523,734192
1771064100000,0.0523,0.0527,0.0523,0.0525,118103
1771065000000,0.0525,0.0526,0.0522,0.0523,52667
1771065900000,0.0523,0.0526,0.0522,0.0526,154804
1771066800000,0.0526,0.0528,0.0523,0.0524,97753
1771067700000,0.0524,0.0543,0.0524,0.0543,2399035
1771068600000,0.0543,0.0545,0.0531,0.0532,1945597
1771069500000,0.0532,0.0547,0.0532,0.0544,411774
1771070400000,0.0544,0.0548,0.0537,0.0545,546798
1771071300000,0.0545,0.0598,0.0545,0.0561,12359192
1771072200000,0.0561,0.0561,0.0543,0.0557,4750690
1771073100000,0.0557,0.0571,0.0555,0.0567,3309989
1771074000000,0.0567,0.057,0.0559,0.0565,1122472
1771074900000,0.0565,0.057,0.0555,0.0567,1656989
1771075800000,0.0567,0.0568,0.055,0.0556,2810840
1771076700000,0.0556,0.0562,0.0553,0.0554,1061877
1771077600000,0.0554,0.0561,0.0554,0.0557,200060
1771078500000,0.0557,0.0566,0.0555,0.0563,377886
1771079400000,0.0563,0.0565,0.0558,0.0564,563474
1771080300000,0.0564,0.0584,0.0563,0.0581,1315032
1771081200000,0.0581,0.0593,0.0577,0.0581,2927335
1771082100000,0.0581,0.0603,0.0581,0.06,5420763
1771083000000,0.06,0.0613,0.0593,0.0611,4917383
1771083900000,0.0611,0.0617,0.0599,0.06,9962857
1771084800000,0.06,0.0614,0.0598,0.0609,5535774
1771085700000,0.0609,0.0623,0.0597,0.0615,6977808
1771086600000,0.0615,0.0627,0.0607,0.0612,3647591
1771087500000,0.0612,0.0612,0.0591,0.0595,2011857
1771088400000,0.0595,0.0606,0.0592,0.0602,3365602
1771089300000,0.0602,0.0616,0.0602,0.0613,3711374
1771090200000,0.0613,0.0629,0.0612,0.0618,4611106
1771091100000,0.0618,0.0618,0.0603,0.0609,1175561
1771092000000,0.0609,0.0613,0.0598,0.0603,2603231
1771092900000,0.0603,0.0608,0.0601,0.0603,743958
1771093800000,0.0603,0.0609,0.0602,0.0604,575045
1771094700000,0.0604,0.0604,0.0598,0.0601,703743
1771095600000,0.0601,0.0609,0.0601,0.0603,1182487
1771096500000,0.0603,0.061,0.0599,0.0605,865790
1771097400000,0.0605,0.0607,0.0602,0.0603,391707
1771098300000,0.0603,0.0606,0.0598,0.0599,905344
1771099200000,0.0599,0.06,0.0594,0.0596,731634
1771100100000,0.0596,0.0596,0.059,0.0591,803807
1771101000000,0.0591,0.0593,0.0587,0.0589,704696
1771101900000,0.0589,0.0595,0.0588,0.0595,347926
1771102800000,0.0595,0.0601,0.059,0.0591,928599
1771103700000,0.0591,0.0593,0.0589,0.0589,293199
1771104600000,0.0589,0.0589,0.0582,0.0586,571536
1771105500000,0.0586,0.0588,0.0583,0.0587,377962
1771106400000,0.0587,0.0587,0.0583,0.0584,186509
1771107300000,0.0584,0.0585,0.0582,0.0583,198314
1771108200000,0.0583,0.0586,0.058,0.0586,388015
1771109100000,0.0586,0.0587,0.0581,0.0583,338720
1771110000000,0.0583,0.0589,0.0581,0.0584,885537
1771110900000,0.0584,0.0587,0.0579,0.0582,685201
1771111800000,0.0582,0.0583,0.058,0.0581,155368
1771112700000,0.0581,0.0583,0.0579,0.0582,275990
1771113600000,0.0582,0.0582,0.0573,0.0573,706375
1771114500000,0.0573,0.0576,0.0572,0.0573,501064
1771115400000,0.0573,0.0583,0.0572,0.0574,1224624
1771116300000,0.0574,0.0575,0.0572,0.0575,362704
1771117200000,0.0575,0.0578,0.0574,0.0576,748711
1771118100000,0.0576,0.0577,0.0571,0.0571,388236
1771119000000,0.0571,0.0571,0.0568,0.0568,388421
1771119900000,0.0568,0.0571,0.0568,0.0571,372442
1771120800000,0.0571,0.0573,0.0569,0.0569,408726
1771121700000,0.0569,0.0569,0.0566,0.0569,192175
1771122600000,0.0569,0.0569,0.0564,0.0566,674687
1771123500000,0.0566,0.057,0.0566,0.0569,135403
1771124400000,0.0569,0.057,0.0568,0.0569,290091
1771125300000,0.0569,0.0571,0.0567,0.0569,566327
1771126200000,0.0569,0.0569,0.0561,0.0561,931275
1771127100000,0.0561,0.0568,0.0561,0.0567,722078
1771128000000,0.0567,0.0571,0.0566,0.0569,609850
1771128900000,0.0569,0.0571,0.0564,0.0566,460954
1771129800000,0.0566,0.0568,0.0565,0.0567,369270
1771130700000,0.0567,0.0567,0.0565,0.0566,113298
1771131600000,0.0566,0.057,0.0566,0.0569,1818538
1771132500000,0.0569,0.057,0.0568,0.057,474564
1771133400000,0.057,0.057,0.0566,0.0569,75394
1771134300000,0.0569,0.0569,0.0568,0.0568,103677
1771135200000,0.0568,0.057,0.0568,0.057,245077
1771136100000,0.057,0.057,0.0568,0.0568,657754
1771137000000,0.0568,0.0569,0.0567,0.0568,168535
1771137900000,0.0568,0.0568,0.0566,0.0568,312804
1771138800000,0.0568,0.0569,0.0567,0.0568,98818
1771139700000,0.0568,0.057,0.0567,0.0567,462811
1771140600000,0.0567,0.0573,0.0567,0.0568,602415
1771141500000,0.0568,0.057,0.0568,0.0569,27968
1771142400000,0.0569,0.0573,0.0568,0.0572,466303
1771143300000,0.0572,0.0574,0.0567,0.0567,469254
1771144200000,0.0567,0.0567,0.0562,0.0565,306892
1771145100000,0.0565,0.0569,0.0565,0.0568,48658
1771146000000,0.0568,0.0574,0.0567,0.0574,249197
1771146900000,0.0574,0.0574,0.0571,0.0571,182843
1771147800000,0.0571,0.0571,0.057,0.057,30150
1771148700000,0.057,0.057,0.0568,0.0569,103331
1771149600000,0.0569,0.0569,0.0564,0.0566,211664
1771150500000,0.0566,0.0566,0.0562,0.0562,391087
1771151400000,0.0562,0.0564,0.056,0.0563,427524
1771152300000,0.0563,0.0565,0.0563,0.0565,302607
1771153200000,0.0565,0.0567,0.0564,0.0566,332224
1771154100000,0.0566,0.0566,0.0563,0.0563,149936
1771155000000,0.0563,0.0564,0.0561,0.0562,387080
1771155900000,0.0562,0.0564,0.0562,0.0564,184849
1771156800000,0.0564,0.0567,0.0561,0.0561,1510523
1771157700000,0.0561,0.0565,0.0561,0.0563,469272
1771158600000,0.0563,0.0563,0.0559,0.0559,88873
1771159500000,0.0559,0.0561,0.055,0.055,1590946
1771160400000,0.055,0.0564,0.055,0.0561,714276
1771161300000,0.0561,0.0563,0.0559,0.0559,207491
1771162200000,0.0559,0.056,0.0555,0.0556,276483
1771163100000,0.0556,0.0556,0.0552,0.0552,320291
1771164000000,0.0552,0.0555,0.0551,0.0555,245437
1771164900000,0.0555,0.0559,0.0549,0.0553,2244124
1771165800000,0.0553,0.0555,0.0553,0.0555,54746
1771166700000,0.0555,0.056,0.0554,0.0559,288907
1771167600000,0.0559,0.056,0.0558,0.0559,225223
1771168500000,0.0559,0.056,0.0555,0.0555,282726
1771169400000,0.0555,0.0556,0.055,0.0554,392226
1771170300000,0.0554,0.0554,0.0552,0.0552,59797
1771171200000,0.0552,0.0554,0.0551,0.0553,170439
1771172100000,0.0553,0.0555,0.0551,0.0553,171853
1771173000000,0.0553,0.0553,0.055,0.0552,46490
1771173900000,0.0552,0.0553,0.0551,0.0552,32552
1771174800000,0.0552,0.0555,0.0551,0.0555,146997
1771175700000,0.0555,0.0555,0.055,0.0551,110324
1771176600000,0.0551,0.0554,0.0551,0.0551,88934
1771177500000,0.0551,0.0555,0.0544,0.0555,2169473
1771178400000,0.0555,0.0558,0.0552,0.0555,1233254
1771179300000,0.0555,0.0557,0.0554,0.0555,508280
1771180200000,0.0555,0.0555,0.0551,0.0553,336495
1771181100000,0.0553,0.0554,0.0551,0.0552,66070
1771182000000,0.0552,0.0553,0.055,0.0552,186475
1771182900000,0.0552,0.0554,0.055,0.0553,303690
1771183800000,0.0553,0.0553,0.0549,0.0551,74382
1771184700000,0.0551,0.0552,0.0551,0.0552,80834
1771185600000,0.0552,0.0554,0.0551,0.0554,222843
1771186500000,0.0554,0.0554,0.0552,0.0553,46934
1771187400000,0.0553,0.0555,0.0553,0.0555,149841
1771188300000,0.0555,0.0556,0.0555,0.0556,56940
1771189200000,0.0556,0.0561,0.0556,0.056,431856
1771190100000,0.056,0.056,0.0558,0.0559,279841
1771191000000,0.0559,0.0561,0.0557,0.0557,111323
1771191900000,0.0557,0.0558,0.0557,0.0558,99836
1771192800000,0.0558,0.0558,0.0556,0.0557,142938
1771193700000,0.0557,0.0561,0.0556,0.056,129531
1771194600000,0.056,0.057,0.056,0.057,153699
1771195500000,0.057,0.0572,0.0567,0.0572,216624
1771196400000,0.0572,0.0572,0.0564,0.0564,264754
1771197300000,0.0564,0.0567,0.0563,0.0566,142292
1771198200000,0.0566,0.0567,0.0565,0.0567,37045
1771199100000,0.0567,0.0572,0.0567,0.0572,62461
1771200000000,0.0572,0.0572,0.0566,0.0572,1106492
1771200900000,0.0572,0.0574,0.0568,0.0574,682774
1771201800000,0.0574,0.0579,0.0572,0.0578,708681
1771202700000,0.0578,0.0579,0.0571,0.0571,217362
1771203600000,0.0571,0.0571,0.0568,0.0568,63917
1771204500000,0.0568,0.057,0.0562,0.0563,828412
1771205400000,0.0563,0.0564,0.0559,0.056,150551
1771206300000,0.056,0.0561,0.0559,0.0561,152138
1771207200000,0.0561,0.0564,0.0561,0.0563,140054
1771208100000,0.0563,0.0563,0.0558,0.0558,96268
1771209000000,0.0558,0.056,0.0558,0.0559,88852
1771209900000,0.0559,0.0559,0.0555,0.0556,101844
1771210800000,0.0556,0.0556,0.0554,0.0554,86635
1771211700000,0.0554,0.0558,0.0554,0.0556,150130
1771212600000,0.0556,0.0557,0.0555,0.0556,39487
1771213500000,0.0556,0.0557,0.0556,0.0557,135844
1771214400000,0.0557,0.0562,0.0557,0.0561,30073
1771215300000,0.0561,0.0562,0.0561,0.0561,39196
1771216200000,0.0561,0.0561,0.0559,0.056,102216
1771217100000,0.056,0.0561,0.0558,0.0561,135868
1771218000000,0.0561,0.0563,0.0561,0.0562,470008
1771218900000,0.0562,0.0562,0.0559,0.0559,91553
1771219800000,0.0559,0.056,0.0557,0.0558,132629
1771220700000,0.0558,0.0558,0.0558,0.0558,3529
1771221600000,0.0558,0.0558,0.0555,0.0555,105288
1771222500000,0.0555,0.0557,0.0555,0.0557,612430
1771223400000,0.0557,0.056,0.0557,0.0559,117465
1771224300000,0.0559,0.0561,0.0559,0.056,44135
1771225200000,0.056,0.056,0.0553,0.0553,198541
1771226100000,0.0553,0.0556,0.0553,0.0554,92478
1771227000000,0.0554,0.0556,0.0553,0.0554,80963
1771227900000,0.0554,0.0556,0.0554,0.0556,112817
1771228800000,0.0556,0.056,0.0554,0.0558,317874
1771229700000,0.0558,0.056,0.0557,0.0558,28456
1771230600000,0.0558,0.0558,0.0557,0.0558,96528
1771231500000,0.0558,0.0558,0.0556,0.0557,94505
1771232400000,0.0557,0.0559,0.0557,0.0557,71403
1771233300000,0.0557,0.0557,0.0556,0.0557,58496
1771234200000,0.0557,0.0558,0.0557,0.0558,13775
1771235100000,0.0558,0.0558,0.0557,0.0557,10075
1771236000000,0.0557,0.0558,0.0557,0.0558,15236
1771236900000,0.0558,0.0558,0.0556,0.0556,39472
1771237800000,0.0556,0.0557,0.0555,0.0556,41705
1771238700000,0.0556,0.0556,0.0553,0.0553,46557
1771239600000,0.0553,0.0554,0.0548,0.0549,725800
1771240500000,0.0549,0.0554,0.0547,0.0554,1355797
1771241400000,0.0554,0.0554,0.0553,0.0554,208834
1771242300000,0.0554,0.0556,0.0554,0.0556,48453
1771243200000,0.0556,0.0563,0.0556,0.0562,212213
1771244100000,0.0562,0.0567,0.056,0.0567,161722
1771245000000,0.0567,0.0571,0.0566,0.057,427374
1771245900000,0.057,0.0571,0.0566,0.0569,1153979
1771246800000,0.0569,0.0572,0.0567,0.0568,339826
1771247700000,0.0568,0.057,0.0561,0.0565,364911
1771248600000,0.0565,0.0566,0.0561,0.0562,165205
1771249500000,0.0562,0.0562,0.0557,0.0558,589582
1771250400000,0.0558,0.0558,0.0555,0.0556,422726
1771251300000,0.0556,0.0558,0.0553,0.0554,164486
1771252200000,0.0554,0.056,0.0554,0.056,69626
1771253100000,0.056,0.0561,0.0558,0.056,195767
1771254000000,0.056,0.0564,0.056,0.0562,176604
1771254900000,0.0562,0.0564,0.0562,0.0562,101764
1771255800000,0.0562,0.0562,0.0553,0.0556,505005
1771256700000,0.0556,0.0557,0.0555,0.0557,89917
1771257600000,0.0557,0.0562,0.0556,0.056,176242
1771258500000,0.056,0.056,0.0558,0.056,38188
1771259400000,0.056,0.056,0.0556,0.0558,198926
1771260300000,0.0558,0.0559,0.0556,0.0557,139414
1771261200000,0.0557,0.0558,0.0557,0.0557,47425
1771262100000,0.0557,0.056,0.0557,0.056,807810
1771263000000,0.056,0.056,0.056,0.056,86349
1771263900000,0.056,0.056,0.0557,0.0557,34332
1771264800000,0.0557,0.0558,0.0557,0.0558,13237
1771265700000,0.0558,0.0563,0.0558,0.0561,151096
1771266600000,0.0561,0.0562,0.056,0.0562,258414
1771267500000,0.0562,0.0562,0.0561,0.0562,28080
1771268400000,0.0562,0.0565,0.0562,0.0563,25544
1771269300000,0.0563,0.0564,0.0562,0.0564,20328
1771270200000,0.0564,0.0567,0.0564,0.0567,13280
1771271100000,0.0567,0.0567,0.0564,0.0565,28198
1771272000000,0.0565,0.0565,0.0561,0.0562,44912
1771272900000,0.0562,0.0566,0.0562,0.0566,205948
1771273800000,0.0566,0.0566,0.0565,0.0565,26916
1771274700000,0.0565,0.0569,0.0565,0.0568,154950
1771275600000,0.0568,0.0569,0.0566,0.0569,56531
1771276500000,0.0569,0.057,0.0566,0.0566,122000
1771277400000,0.0566,0.057,0.0566,0.0569,557593
1771278300000,0.0569,0.0573,0.0569,0.0573,54368
1771279200000,0.0573,0.0573,0.0571,0.0571,185856
1771280100000,0.0571,0.0571,0.0568,0.0568,353997
1771281000000,0.0568,0.0568,0.0567,0.0567,29297
1771281900000,0.0567,0.0567,0.0567,0.0567,7284
1771282800000,0.0567,0.0569,0.0567,0.0569,104628
1771283700000,0.0569,0.0571,0.0568,0.0571,299628
1771284600000,0.0571,0.0571,0.0567,0.0568,194118
1771285500000,0.0568,0.0569,0.0568,0.0568,130483
1771286400000,0.0568,0.0568,0.0565,0.0565,101977
1771287300000,0.0565,0.0565,0.0562,0.0564,294942
1771288200000,0.0564,0.0564,0.0563,0.0563,8253
1771289100000,0.0563,0.0565,0.0562,0.0562,103905
1771290000000,0.0562,0.0565,0.0562,0.0563,78070
1771290900000,0.0563,0.0564,0.0562,0.0562,19474
1771291800000,0.0562,0.0565,0.0562,0.0563,34607
1771292700000,0.0563,0.0563,0.0561,0.0562,102305
1771293600000,0.0562,0.0564,0.0558,0.0564,135502
1771294500000,0.0564,0.0565,0.0563,0.0565,44106
1771295400000,0.0565,0.0566,0.0565,0.0566,55629
1771296300000,0.0566,0.0566,0.0565,0.0565,93907
1771297200000,0.0565,0.0565,0.0562,0.0562,27685
1771298100000,0.0562,0.0563,0.0562,0.0563,13010
1771299000000,0.0563,0.0563,0.0563,0.0563,6162
1771299900000,0.0563,0.0563,0.0563,0.0563,7354
1771300800000,0.0563,0.0566,0.0563,0.0566,11962
1771301700000,0.0566,0.0572,0.0566,0.057,267341
1771302600000,0.057,0.0573,0.0569,0.0572,62607
1771303500000,0.0572,0.0572,0.057,0.057,74156
1771304400000,0.057,0.057,0.0567,0.0567,29689
1771305300000,0.0567,0.0567,0.0563,0.0564,112528
1771306200000,0.0564,0.0564,0.0559,0.0562,84518
1771307100000,0.0562,0.0563,0.0561,0.0562,28916
1771308000000,0.0562,0.0567,0.0562,0.0567,4757
1771308900000,0.0567,0.0568,0.0563,0.0565,524398
1771309800000,0.0565,0.0566,0.0565,0.0566,25629
1771310700000,0.0566,0.0569,0.0566,0.0567,216578
1771311600000,0.0567,0.0567,0.0563,0.0563,132430
1771312500000,0.0563,0.0563,0.0563,0.0563,23735
1771313400000,0.0563,0.0566,0.0562,0.0565,95908
1771314300000,0.0565,0.0565,0.0564,0.0564,42371
1771315200000,0.0564,0.0566,0.0564,0.0565,26776
1771316100000,0.0565,0.0566,0.0564,0.0565,22532
1771317000000,0.0565,0.0566,0.0562,0.0563,44736
1771317900000,0.0563,0.0563,0.0561,0.0561,129326
1771318800000,0.0561,0.0564,0.0561,0.0563,325494
1771319700000,0.0563,0.0564,0.0562,0.0563,21022
1771320600000,0.0563,0.0563,0.056,0.0561,17788
1771321500000,0.0561,0.0562,0.0561,0.0562,5062
1771322400000,0.0562,0.0562,0.0561,0.0561,24459
1771323300000,0.0561,0.0561,0.0557,0.0558,654255
1771324200000,0.0558,0.0558,0.0556,0.0557,216819
1771325100000,0.0557,0.0557,0.0556,0.0557,211800
1771326000000,0.0557,0.0563,0.0557,0.0562,171357
1771326900000,0.0562,0.0565,0.0562,0.0562,733240
1771327800000,0.0562,0.0563,0.0559,0.0561,796768
1771328700000,0.0561,0.0563,0.056,0.0563,27202
1771329600000,0.0563,0.0566,0.0563,0.0566,107245
1771330500000,0.0566,0.0566,0.0565,0.0565,41996
1771331400000,0.0565,0.0566,0.0564,0.0565,29588
1771332300000,0.0565,0.0565,0.0561,0.0561,22795
1771333200000,0.0561,0.0563,0.0559,0.0562,103724
1771334100000,0.0562,0.0562,0.0561,0.0561,115510
1771335000000,0.0561,0.0561,0.0558,0.0559,185357
1771335900000,0.0559,0.0564,0.0559,0.0563,71428
1771336800000,0.0563,0.0563,0.056,0.0561,51949
1771337700000,0.0561,0.0562,0.056,0.056,59495
1771338600000,0.056,0.0563,0.0553,0.0554,381986
1771339500000,0.0554,0.0554,0.0549,0.0552,416244
1771340400000,0.0552,0.0557,0.0552,0.0556,194006
1771341300000,0.0556,0.0558,0.0553,0.0553,84791
1771342200000,0.0553,0.0556,0.0553,0.0556,53030
1771343100000,0.0556,0.0559,0.0556,0.0559,72694
1771344000000,0.0559,0.0567,0.0559,0.0563,218864
1771344900000,0.0563,0.0565,0.056,0.056,104038
1771345800000,0.056,0.0569,0.056,0.0566,59132
1771346700000,0.0566,0.0566,0.0563,0.0563,31088
1771347600000,0.0563,0.0563,0.0558,0.0559,144544
1771348500000,0.0559,0.0561,0.0559,0.0561,29903
1771349400000,0.0561,0.0562,0.0556,0.0556,80647
1771350300000,0.0556,0.0559,0.0555,0.0559,563461
1771351200000,0.0559,0.0559,0.0556,0.0557,96778
1771352100000,0.0557,0.0564,0.0557,0.0564,525736
1771353000000,0.0564,0.0568,0.0564,0.0566,90628
1771353900000,0.0566,0.0567,0.0564,0.0566,58296
1771354800000,0.0566,0.0567,0.0565,0.0566,56391
1771355700000,0.0566,0.0566,0.0563,0.0563,37715
1771356600000,0.0563,0.0563,0.0561,0.0562,35415
1771357500000,0.0562,0.0563,0.0561,0.0561,45368
1771358400000,0.0561,0.0561,0.056,0.056,24077
1771359300000,0.056,0.056,0.0558,0.056,80785
1771360200000,0.056,0.0561,0.0558,0.0561,35680
1771361100000,0.0561,0.0561,0.056,0.056,130720
1771362000000,0.056,0.0563,0.056,0.0563,30190
1771362900000,0.0563,0.0563,0.0561,0.0561,31208
1771363800000,0.0561,0.0562,0.0561,0.0562,13237
1771364700000,0.0562,0.0562,0.0561,0.0561,85966
1771365600000,0.0561,0.0563,0.0561,0.0563,53344
1771366500000,0.0563,0.0563,0.0561,0.0562,20998
1771367400000,0.0562,0.0562,0.0561,0.0561,4920
1771368300000,0.0561,0.0561,0.0559,0.0561,39183
1771369200000,0.0561,0.0562,0.0561,0.0561,27272
1771370100000,0.0561,0.0563,0.0561,0.0562,109335
1771371000000,0.0562,0.0564,0.0562,0.0564,179611
1771371900000,0.0564,0.0565,0.0564,0.0565,32668
1771372800000,0.0565,0.0569,0.0564,0.0567,313453
1771373700000,0.0567,0.0569,0.0567,0.0567,53726
1771374600000,0.0567,0.0567,0.0565,0.0565,89340
1771375500000,0.0565,0.0565,0.0563,0.0564,226058
1771376400000,0.0564,0.0565,0.0563,0.0564,91898
1771377300000,0.0564,0.0566,0.0564,0.0566,39283
1771378200000,0.0566,0.0566,0.0564,0.0566,77054
1771379100000,0.0566,0.0568,0.0566,0.0568,146629
1771380000000,0.0568,0.057,0.0567,0.0569,174410
1771380900000,0.0569,0.057,0.0567,0.0567,83155
1771381800000,0.0567,0.0569,0.0567,0.0568,39904
1771382700000,0.0568,0.0568,0.0568,0.0568,11843
1771383600000,0.0568,0.0569,0.0568,0.0568,31300
1771384500000,0.0568,0.057,0.0568,0.0568,33566
1771385400000,0.0568,0.0568,0.0566,0.0566,108680
1771386300000,0.0566,0.0566,0.0564,0.0564,25739
1771387200000,0.0564,0.0564,0.0563,0.0563,34235
1771388100000,0.0563,0.0565,0.0563,0.0565,22500
1771389000000,0.0565,0.0566,0.0565,0.0565,26898
1771389900000,0.0565,0.0566,0.0565,0.0565,8049
1771390800000,0.0565,0.0567,0.0565,0.0567,14328
1771391700000,0.0567,0.0567,0.0567,0.0567,22568
1771392600000,0.0567,0.0567,0.0565,0.0566,36710
1771393500000,0.0566,0.0569,0.0565,0.0565,769078
1771394400000,0.0565,0.0567,0.0565,0.0566,18877
1771395300000,0.0566,0.0566,0.0566,0.0566,19182
1771396200000,0.0566,0.0567,0.0565,0.0567,66394
1771397100000,0.0567,0.0567,0.0566,0.0566,9454
1771398000000,0.0566,0.0566,0.0565,0.0565,23462
1771398900000,0.0565,0.0566,0.0565,0.0566,9212
1771399800000,0.0566,0.0574,0.0566,0.0573,54750
1771400700000,0.0573,0.0574,0.057,0.0572,246231
1771401600000,0.0572,0.0572,0.0569,0.057,45012
1771402500000,0.057,0.0571,0.057,0.0571,16846
1771403400000,0.0571,0.0571,0.0569,0.0569,5196
1771404300000,0.0569,0.0569,0.0568,0.0569,9499
1771405200000,0.0569,0.057,0.0568,0.0568,27730
1771406100000,0.0568,0.057,0.0568,0.057,25874
1771407000000,0.057,0.057,0.0568,0.0568,36530
1771407900000,0.0568,0.0569,0.0568,0.0569,10900
1771408800000,0.0569,0.0569,0.0567,0.0567,180113
1771409700000,0.0567,0.0567,0.0564,0.0565,159943
1771410600000,0.0565,0.0569,0.0565,0.0567,148906
1771411500000,0.0567,0.0567,0.0566,0.0567,54231
1771412400000,0.0567,0.0567,0.0562,0.0565,112033
1771413300000,0.0565,0.0566,0.0565,0.0566,14788
1771414200000,0.0566,0.0566,0.0565,0.0566,29904
1771415100000,0.0566,0.0566,0.0564,0.0564,33839
1771416000000,0.0564,0.0565,0.0563,0.0565,22489
1771416900000,0.0565,0.0565,0.0561,0.0564,469683
1771417800000,0.0564,0.0564,0.0562,0.0563,62264
1771418700000,0.0563,0.0563,0.0561,0.0561,20829
1771419600000,0.0561,0.0561,0.0558,0.056,53147
1771420500000,0.056,0.056,0.0559,0.056,21240
1771421400000,0.056,0.056,0.0557,0.0558,49608
1771422300000,0.0558,0.0559,0.0555,0.0557,121296
1771423200000,0.0557,0.0559,0.0557,0.0558,27353
1771424100000,0.0558,0.0558,0.0556,0.0557,15456
1771425000000,0.0557,0.0559,0.0556,0.0557,154048
1771425900000,0.0557,0.0559,0.0553,0.0557,216907
1771426800000,0.0557,0.056,0.0557,0.0558,270179
1771427700000,0.0558,0.0559,0.0557,0.0558,20558
1771428600000,0.0558,0.0566,0.0558,0.0564,226999
1771429500000,0.0564,0.0564,0.0558,0.0559,112673
1771430400000,0.0559,0.0559,0.0555,0.0556,150847
1771431300000,0.0556,0.056,0.0556,0.0559,200746
1771432200000,0.0559,0.056,0.0558,0.0559,52721
1771433100000,0.0559,0.0559,0.0557,0.0558,131904
1771434000000,0.0558,0.0562,0.0558,0.0559,121173
1771434900000,0.0559,0.0561,0.0558,0.0561,142083
1771435800000,0.0561,0.0562,0.056,0.056,29850
1771436700000,0.056,0.0561,0.0559,0.0559,21234
1771437600000,0.0559,0.0559,0.0558,0.0559,80940
1771438500000,0.0559,0.0559,0.0551,0.0551,859417
1771439400000,0.0551,0.0552,0.0545,0.0546,349976
1771440300000,0.0546,0.0548,0.0545,0.0546,317722
1771441200000,0.0546,0.0548,0.0545,0.0546,125710
1771442100000,0.0546,0.0546,0.0544,0.0544,227134
1771443000000,0.0544,0.0545,0.054,0.0543,116548
1771443900000,0.0543,0.0544,0.0541,0.0542,202969
1771444800000,0.0542,0.0543,0.0541,0.0541,78365
1771445700000,0.0541,0.0541,0.0539,0.054,23759
1771446600000,0.054,0.0543,0.054,0.0542,212810
1771447500000,0.0542,0.0544,0.0541,0.0542,544355
1771448400000,0.0542,0.0542,0.0541,0.0542,67515
1771449300000,0.0542,0.0542,0.0542,0.0542,12688
1771450200000,0.0542,0.0542,0.0541,0.0541,29559
1771451100000,0.0541,0.0541,0.0537,0.0538,158402
1771452000000,0.0538,0.0539,0.0532,0.0534,418808
1771452900000,0.0534,0.0535,0.0532,0.0532,59237
1771453800000,0.0532,0.0536,0.0532,0.0535,109061
1771454700000,0.0535,0.0536,0.0535,0.0535,15063
1771455600000,0.0535,0.0535,0.0534,0.0534,12739
1771456500000,0.0534,0.0534,0.0531,0.0531,152951
1771457400000,0.0531,0.0534,0.0531,0.0534,86439
1771458300000,0.0534,0.0535,0.0534,0.0535,74898
1771459200000,0.0535,0.0535,0.0534,0.0534,280265
1771460100000,0.0534,0.0535,0.0533,0.0534,25389
1771461000000,0.0534,0.0536,0.0534,0.0536,8762
1771461900000,0.0536,0.0536,0.0533,0.0533,17592
1771462800000,0.0533,0.0537,0.0533,0.0537,233631
1771463700000,0.0537,0.0537,0.0535,0.0536,17527
1771464600000,0.0536,0.0541,0.0536,0.0541,210912
1771465500000,0.0541,0.0541,0.0537,0.0539,85361
1771466400000,0.0539,0.054,0.0538,0.054,227105
1771467300000,0.054,0.054,0.0538,0.0539,20888
1771468200000,0.0539,0.0539,0.0534,0.0535,98328
1771469100000,0.0535,0.0535,0.0534,0.0535,57043
1771470000000,0.0535,0.0535,0.0534,0.0534,55521
1771470900000,0.0534,0.0536,0.0534,0.0535,71498
1771471800000,0.0535,0.0536,0.0534,0.0534,122803
1771472700000,0.0534,0.0536,0.0534,0.0536,37546
1771473600000,0.0536,0.0538,0.0536,0.0536,101949
1771474500000,0.0536,0.0536,0.0534,0.0534,41857
1771475400000,0.0534,0.0536,0.0534,0.0535,74876
1771476300000,0.0535,0.0535,0.0534,0.0534,14131
1771477200000,0.0534,0.0534,0.0534,0.0534,0
1771478100000,0.0534,0.0535,0.0531,0.0532,86131
1771479000000,0.0532,0.0533,0.0532,0.0533,18296
1771479900000,0.0533,0.0533,0.0532,0.0533,18991
1771480800000,0.0533,0.0536,0.0533,0.0535,9959
1771481700000,0.0535,0.0535,0.0534,0.0535,11591
1771482600000,0.0535,0.0535,0.0534,0.0534,24636
1771483500000,0.0534,0.0535,0.0533,0.0535,46434
1771484400000,0.0535,0.0535,0.0534,0.0534,29965
1771485300000,0.0534,0.0534,0.0533,0.0534,18376
1771486200000,0.0534,0.0535,0.0532,0.0532,184634
1771487100000,0.0532,0.0533,0.0531,0.0532,17836
1771488000000,0.0532,0.0532,0.0531,0.0531,41670
1771488900000,0.0531,0.0532,0.0527,0.0529,346152
1771489800000,0.0529,0.0529,0.0526,0.0527,65791
1771490700000,0.0527,0.0527,0.0525,0.0527,40559
1771491600000,0.0527,0.0528,0.0526,0.0526,53877
1771492500000,0.0526,0.0528,0.0526,0.0528,20478
1771493400000,0.0528,0.0528,0.0527,0.0528,65933
1771494300000,0.0528,0.0529,0.0527,0.0528,246085
1771495200000,0.0528,0.0528,0.0525,0.0526,139765
1771496100000,0.0526,0.0529,0.0526,0.0529,38163
1771497000000,0.0529,0.0529,0.0528,0.0529,84448
1771497900000,0.0529,0.0529,0.0526,0.0527,212132
1771498800000,0.0527,0.0529,0.0527,0.0529,81603
1771499700000,0.0529,0.0529,0.0527,0.0527,27957
1771500600000,0.0527,0.0528,0.0526,0.0528,86086
1771501500000,0.0528,0.0528,0.0526,0.0526,154655
1771502400000,0.0526,0.0528,0.0526,0.0528,318334
1771503300000,0.0528,0.0529,0.0528,0.0529,35229
1771504200000,0.0529,0.0529,0.0528,0.0528,38482
1771505100000,0.0528,0.0528,0.0527,0.0527,62485
1771506000000,0.0527,0.0527,0.0522,0.0523,380264
1771506900000,0.0523,0.0523,0.0522,0.0522,213226
1771507800000,0.0522,0.0522,0.0515,0.0516,499331
1771508700000,0.0516,0.0518,0.0515,0.0517,176687
1771509600000,0.0517,0.0518,0.0516,0.0516,106672
1771510500000,0.0516,0.0516,0.0514,0.0516,17384
1771511400000,0.0516,0.052,0.0515,0.0519,175473
1771512300000,0.0519,0.0521,0.0518,0.0521,61491
1771513200000,0.0521,0.0522,0.0517,0.0517,42640
1771514100000,0.0517,0.0519,0.0516,0.0516,38395
1771515000000,0.0516,0.0521,0.0516,0.052,121944
1771515900000,0.052,0.0521,0.0517,0.0517,190563
1771516800000,0.0517,0.0517,0.0512,0.0515,135933
1771517700000,0.0515,0.0519,0.0515,0.0515,33693
1771518600000,0.0515,0.0518,0.0515,0.0518,43493
1771519500000,0.0518,0.0518,0.0513,0.0515,56084
1771520400000,0.0515,0.0516,0.0513,0.0516,146822
1771521300000,0.0516,0.0521,0.0515,0.0517,121017
1771522200000,0.0517,0.0517,0.0513,0.0515,104663
1771523100000,0.0515,0.0515,0.0511,0.0514,99285
1771524000000,0.0514,0.0515,0.0514,0.0515,105852
1771524900000,0.0515,0.0518,0.0515,0.0518,55222
1771525800000,0.0518,0.052,0.0517,0.052,48325
1771526700000,0.052,0.052,0.0519,0.0519,55602
1771527600000,0.0519,0.052,0.0517,0.0517,36552
1771528500000,0.0517,0.0517,0.0515,0.0516,35687
1771529400000,0.0516,0.0516,0.0514,0.0516,52626
1771530300000,0.0516,0.052,0.0516,0.052,51949
1771531200000,0.052,0.0522,0.052,0.052,120182
1771532100000,0.052,0.052,0.0519,0.052,32086
1771533000000,0.052,0.0521,0.052,0.052,37755
1771533900000,0.052,0.0523,0.052,0.0522,29054
1771534800000,0.0522,0.0522,0.0522,0.0522,39909
1771535700000,0.0522,0.0523,0.0522,0.0522,32213
1771536600000,0.0522,0.0523,0.0522,0.0522,34248
1771537500000,0.0522,0.0522,0.0521,0.0521,2200
1771538400000,0.0521,0.0523,0.0521,0.0522,29860
1771539300000,0.0522,0.0522,0.0521,0.0521,16766
1771540200000,0.0521,0.0521,0.052,0.052,7320
1771541100000,0.052,0.0523,0.052,0.0523,15000
1771542000000,0.0523,0.0525,0.0523,0.0525,15452
1771542900000,0.0525,0.0526,0.0525,0.0526,20227
1771543800000,0.0526,0.0528,0.0526,0.0528,20262
1771544700000,0.0528,0.0528,0.0527,0.0528,15895
1771545600000,0.0528,0.0528,0.0525,0.0528,100372
1771546500000,0.0528,0.0533,0.0527,0.0532,60851
1771547400000,0.0532,0.0535,0.0532,0.0533,162847
1771548300000,0.0533,0.0533,0.0532,0.0533,105663
1771549200000,0.0533,0.0535,0.0531,0.0535,220377
1771550100000,0.0535,0.0535,0.0532,0.0532,112896
1771551000000,0.0532,0.0533,0.0532,0.0532,12713
1771551900000,0.0532,0.0533,0.0532,0.0533,64493
1771552800000,0.0533,0.0534,0.0533,0.0534,26757
1771553700000,0.0534,0.0534,0.0533,0.0533,479
1771554600000,0.0533,0.0533,0.0532,0.0532,57674
1771555500000,0.0532,0.0532,0.053,0.0531,13650
1771556400000,0.0531,0.0531,0.0528,0.053,25446
1771557300000,0.053,0.053,0.0528,0.053,22876
1771558200000,0.053,0.0531,0.053,0.053,7099
1771559100000,0.053,0.0531,0.053,0.053,34236
1771560000000,0.053,0.053,0.0528,0.0529,14677
1771560900000,0.0529,0.0529,0.0526,0.0528,77241
1771561800000,0.0528,0.053,0.0528,0.053,20786
1771562700000,0.053,0.0531,0.053,0.053,21982
1771563600000,0.053,0.053,0.0529,0.0529,38533
1771564500000,0.0529,0.0529,0.0528,0.0528,21445
1771565400000,0.0528,0.0533,0.0528,0.0533,64170
1771566300000,0.0533,0.0533,0.0529,0.0529,80177
1771567200000,0.0529,0.053,0.0528,0.0528,17447
1771568100000,0.0528,0.0528,0.0527,0.0527,36871
1771569000000,0.0527,0.0529,0.0527,0.0529,59212
1771569900000,0.0529,0.0529,0.0529,0.0529,8594
1771570800000,0.0529,0.0529,0.0528,0.0528,7491
1771571700000,0.0528,0.0529,0.0528,0.0528,38612
1771572600000,0.0528,0.0528,0.0526,0.0526,35803
1771573500000,0.0526,0.0526,0.0525,0.0526,37749
1771574400000,0.0526,0.0528,0.0526,0.0528,26084
1771575300000,0.0528,0.0529,0.0527,0.0528,25416
1771576200000,0.0528,0.053,0.0528,0.0529,30868
1771577100000,0.0529,0.0532,0.0529,0.053,104296
1771578000000,0.053,0.0533,0.0529,0.0532,97585
1771578900000,0.0532,0.0534,0.0532,0.0533,87900
1771579800000,0.0533,0.0533,0.0532,0.0532,11160
1771580700000,0.0532,0.0532,0.0531,0.0532,16356
1771581600000,0.0532,0.0538,0.0532,0.0536,164886
1771582500000,0.0536,0.054,0.0536,0.0537,48379
1771583400000,0.0537,0.0537,0.0536,0.0536,11623
1771584300000,0.0536,0.0536,0.0534,0.0534,160403
1771585200000,0.0534,0.0536,0.0533,0.0534,440944
1771586100000,0.0534,0.0535,0.0533,0.0534,131212
1771587000000,0.0534,0.0534,0.0531,0.0532,591540
1771587900000,0.0532,0.0533,0.0532,0.0532,154500
1771588800000,0.0532,0.0533,0.053,0.0531,62280
1771589700000,0.0531,0.0531,0.0529,0.0529,30753
1771590600000,0.0529,0.053,0.0529,0.053,14308
1771591500000,0.053,0.0532,0.0528,0.053,209490
1771592400000,0.053,0.053,0.0527,0.0528,72426
1771593300000,0.0528,0.0528,0.0522,0.0523,102047
1771594200000,0.0523,0.0523,0.0516,0.0518,309528
1771595100000,0.0518,0.052,0.0518,0.052,45790
1771596000000,0.052,0.0522,0.0519,0.0521,30599
1771596900000,0.0521,0.0524,0.0521,0.0523,94896
1771597800000,0.0523,0.0528,0.0522,0.0527,228611
1771598700000,0.0527,0.0528,0.0526,0.0526,221345
1771599600000,0.0526,0.0542,0.0526,0.0533,2587875
1771600500000,0.0533,0.0539,0.0531,0.0539,91971
1771601400000,0.0539,0.0539,0.0532,0.0533,194442
1771602300000,0.0533,0.0542,0.0533,0.0542,302191
1771603200000,0.0542,0.0546,0.0541,0.0544,177092
1771604100000,0.0544,0.0544,0.0539,0.0539,240594
1771605000000,0.0539,0.0539,0.0536,0.0536,135565
1771605900000,0.0536,0.0543,0.0536,0.0543,183680
1771606800000,0.0543,0.0543,0.0533,0.0533,210678
1771607700000,0.0533,0.0534,0.0531,0.0533,181920
1771608600000,0.0533,0.0537,0.0533,0.0537,58817
1771609500000,0.0537,0.0544,0.0537,0.0543,739115
1771610400000,0.0543,0.0545,0.0543,0.0543,526674
1771611300000,0.0543,0.0543,0.054,0.0542,105231
1771612200000,0.0542,0.0546,0.054,0.0541,696108
1771613100000,0.0541,0.0544,0.054,0.0543,252127
1771614000000,0.0543,0.0543,0.0538,0.054,325384
1771614900000,0.054,0.054,0.0538,0.0538,180954
1771615800000,0.0538,0.0541,0.0538,0.0539,25215
1771616700000,0.0539,0.0539,0.0539,0.0539,68379
1771617600000,0.0539,0.0541,0.0539,0.0541,120175
1771618500000,0.0541,0.0541,0.0539,0.0539,29493
1771619400000,0.0539,0.0539,0.0537,0.0538,16047
1771620300000,0.0538,0.0538,0.0537,0.0537,325132
1771621200000,0.0537,0.0537,0.0534,0.0534,63747
1771622100000,0.0534,0.0534,0.0534,0.0534,33277
1771623000000,0.0534,0.0534,0.0534,0.0534,22909
1771623900000,0.0534,0.0535,0.0534,0.0534,14012
1771624800000,0.0534,0.0535,0.0534,0.0534,41905
1771625700000,0.0534,0.0536,0.0534,0.0536,29988
1771626600000,0.0536,0.0536,0.0536,0.0536,3123
1771627500000,0.0536,0.0538,0.0536,0.0538,4537
1771628400000,0.0538,0.0539,0.0538,0.0539,16812
1771629300000,0.0539,0.0539,0.0537,0.0538,18611
1771630200000,0.0538,0.0539,0.0538,0.0538,4835
1771631100000,0.0538,0.0541,0.0538,0.054,36711
1771632000000,0.054,0.054,0.0538,0.0539,17374
1771632900000,0.0539,0.0539,0.0537,0.0537,6730
1771633800000,0.0537,0.0537,0.0537,0.0537,8708
1771634700000,0.0537,0.0537,0.0536,0.0536,4434
1771635600000,0.0536,0.0536,0.0535,0.0535,12726
1771636500000,0.0535,0.0535,0.0535,0.0535,12989
1771637400000,0.0535,0.0536,0.0535,0.0536,7723
1771638300000,0.0536,0.0537,0.0536,0.0537,7051
1771639200000,0.0537,0.054,0.0537,0.054,23750
1771640100000,0.054,0.0543,0.054,0.0542,37514
1771641000000,0.0542,0.0543,0.054,0.0542,46916
1771641900000,0.0542,0.0542,0.0541,0.0541,8002
1771642800000,0.0541,0.0542,0.0538,0.0541,605181
1771643700000,0.0541,0.0542,0.054,0.0542,85366
1771644600000,0.0542,0.0542,0.054,0.054,112258
1771645500000,0.054,0.0541,0.054,0.0541,28272
1771646400000,0.0541,0.0542,0.0541,0.0542,53953
1771647300000,0.0542,0.0543,0.0542,0.0542,25180
1771648200000,0.0542,0.0542,0.0542,0.0542,9016
1771649100000,0.0542,0.0543,0.0542,0.0543,56256
1771650000000,0.0543,0.0544,0.0543,0.0544,8648
1771650900000,0.0544,0.0545,0.0543,0.0544,63632
1771651800000,0.0544,0.0545,0.0544,0.0545,50556
1771652700000,0.0545,0.0545,0.0542,0.0542,70443
1771653600000,0.0542,0.0542,0.054,0.0541,17119
1771654500000,0.0541,0.0541,0.054,0.054,17170
1771655400000,0.054,0.054,0.0538,0.0538,38211
1771656300000,0.0538,0.0538,0.0537,0.0538,12741
1771657200000,0.0538,0.0538,0.0537,0.0538,25455
1771658100000,0.0538,0.0538,0.0537,0.0537,16112
1771659000000,0.0537,0.0538,0.0537,0.0538,24627
1771659900000,0.0538,0.0539,0.0538,0.0539,17586
1771660800000,0.0539,0.0541,0.0539,0.054,14673
1771661700000,0.054,0.0542,0.054,0.0541,23922
1771662600000,0.0541,0.0544,0.0541,0.0544,52930
1771663500000,0.0544,0.0547,0.0542,0.0547,71951
1771664400000,0.0547,0.0547,0.0545,0.0546,21143
1771665300000,0.0546,0.0551,0.0546,0.0549,312089
1771666200000,0.0549,0.0549,0.0548,0.0549,112787
1771667100000,0.0549,0.0551,0.0548,0.0548,57716
1771668000000,0.0548,0.055,0.0548,0.0549,21068
1771668900000,0.0549,0.055,0.0549,0.0549,155298
1771669800000,0.0549,0.0551,0.0549,0.055,57221
1771670700000,0.055,0.055,0.0548,0.0548,28367
1771671600000,0.0548,0.0551,0.0548,0.055,39447
1771672500000,0.055,0.055,0.0549,0.055,18744
1771673400000,0.055,0.055,0.0547,0.0547,21043
1771674300000,0.0547,0.055,0.0547,0.055,21610
1771675200000,0.055,0.055,0.0549,0.0549,15396
1771676100000,0.0549,0.0549,0.0547,0.0547,16220
1771677000000,0.0547,0.0547,0.0544,0.0545,41674
1771677900000,0.0545,0.0546,0.0545,0.0546,21891
1771678800000,0.0546,0.0547,0.0546,0.0547,12521
1771679700000,0.0547,0.0547,0.0546,0.0546,25516
1771680600000,0.0546,0.0547,0.0546,0.0546,17474
1771681500000,0.0546,0.055,0.0546,0.055,7256
1771682400000,0.055,0.055,0.0549,0.055,101380
1771683300000,0.055,0.0552,0.0549,0.055,61626
1771684200000,0.055,0.055,0.0549,0.0549,20054
1771685100000,0.0549,0.0549,0.0547,0.0547,18295
1771686000000,0.0547,0.0547,0.0547,0.0547,21719
1771686900000,0.0547,0.0547,0.0545,0.0545,22037
1771687800000,0.0545,0.0545,0.0542,0.0544,35854
1771688700000,0.0544,0.0544,0.0544,0.0544,26504
1771689600000,0.0544,0.0544,0.054,0.0541,66920
1771690500000,0.0541,0.0541,0.0538,0.054,91510
1771691400000,0.054,0.0541,0.0539,0.054,17204
1771692300000,0.054,0.054,0.0539,0.0539,4546
1771693200000,0.0539,0.0539,0.0537,0.0539,60047
1771694100000,0.0539,0.0539,0.0538,0.0538,3303
1771695000000,0.0538,0.054,0.0538,0.054,18517
1771695900000,0.054,0.0541,0.054,0.054,15936
1771696800000,0.054,0.0541,0.054,0.0541,39399
1771697700000,0.0541,0.0541,0.054,0.054,34970
1771698600000,0.054,0.0541,0.054,0.054,186890
1771699500000,0.054,0.0543,0.054,0.0542,51043
1771700400000,0.0542,0.0543,0.0542,0.0542,36976
1771701300000,0.0542,0.0542,0.0541,0.0541,8539
1771702200000,0.0541,0.0541,0.054,0.054,36154
1771703100000,0.054,0.054,0.054,0.054,6071
1771704000000,0.054,0.054,0.0539,0.0539,8579
1771704900000,0.0539,0.054,0.0539,0.054,13726
1771705800000,0.054,0.054,0.0537,0.0537,255955
1771706700000,0.0537,0.0539,0.0536,0.0536,1195347
1771707600000,0.0536,0.0538,0.0536,0.0536,58700
1771708500000,0.0536,0.0536,0.0535,0.0536,10891
1771709400000,0.0536,0.0536,0.0536,0.0536,0
1771710300000,0.0536,0.0537,0.0536,0.0537,6504
1771711200000,0.0537,0.0537,0.0536,0.0536,2703
1771712100000,0.0536,0.0536,0.0536,0.0536,6789
1771713000000,0.0536,0.0536,0.0535,0.0535,14470
1771713900000,0.0535,0.0535,0.0535,0.0535,31227
1771714800000,0.0535,0.0535,0.0534,0.0534,24373
1771715700000,0.0534,0.0535,0.0534,0.0535,74499
1771716600000,0.0535,0.0535,0.0535,0.0535,6755
1771717500000,0.0535,0.0535,0.0535,0.0535,11979
1771718400000,0.0535,0.0535,0.0532,0.0532,222818
1771719300000,0.0532,0.0532,0.0531,0.0531,123874
1771720200000,0.0531,0.0531,0.0528,0.0528,410311
1771721100000,0.0528,0.0529,0.0527,0.0529,178484
1771722000000,0.0529,0.053,0.0529,0.0529,105070
1771722900000,0.0529,0.053,0.0529,0.0529,64820
1771723800000,0.0529,0.053,0.0529,0.053,6187
1771724700000,0.053,0.053,0.0529,0.0529,57302
1771725600000,0.0529,0.0533,0.0528,0.0533,598297
1771726500000,0.0533,0.0535,0.053,0.053,109328
1771727400000,0.053,0.053,0.0527,0.0527,312125
1771728300000,0.0527,0.0528,0.0526,0.0526,252790
1771729200000,0.0526,0.0527,0.0526,0.0527,54744
1771730100000,0.0527,0.0528,0.0523,0.0526,333752
1771731000000,0.0526,0.0526,0.0526,0.0526,16671
1771731900000,0.0526,0.0527,0.0526,0.0527,127411
1771732800000,0.0527,0.0529,0.0527,0.0528,107038
1771733700000,0.0528,0.0529,0.0527,0.0527,97065
1771734600000,0.0527,0.0529,0.0527,0.0529,112264
1771735500000,0.0529,0.0529,0.0529,0.0529,54548
1771736400000,0.0529,0.0529,0.0527,0.0527,162627
1771737300000,0.0527,0.0527,0.0527,0.0527,22229
1771738200000,0.0527,0.0527,0.0527,0.0527,23949
1771739100000,0.0527,0.0527,0.0526,0.0527,182245
1771740000000,0.0527,0.0527,0.0525,0.0526,66980
1771740900000,0.0526,0.0529,0.0525,0.0528,1002139
1771741800000,0.0528,0.0528,0.0528,0.0528,58527
1771742700000,0.0528,0.0528,0.0528,0.0528,18460
1771743600000,0.0528,0.0528,0.0528,0.0528,85850
1771744500000,0.0528,0.0529,0.0528,0.0529,27945
1771745400000,0.0529,0.0531,0.0529,0.0531,140130
1771746300000,0.0531,0.0531,0.0529,0.0529,83393
1771747200000,0.0529,0.053,0.0529,0.0529,458342
1771748100000,0.0529,0.0529,0.0528,0.0528,455880
1771749000000,0.0528,0.0528,0.0527,0.0528,89049
1771749900000,0.0528,0.0528,0.0527,0.0527,31773
1771750800000,0.0527,0.0527,0.0526,0.0527,60868
1771751700000,0.0527,0.0528,0.0527,0.0528,27466
1771752600000,0.0528,0.0528,0.0527,0.0527,215936
1771753500000,0.0527,0.053,0.0527,0.053,166674
1771754400000,0.053,0.0532,0.053,0.0532,57633
1771755300000,0.0532,0.0532,0.0531,0.0531,41589
1771756200000,0.0531,0.0531,0.0531,0.0531,38477
1771757100000,0.0531,0.0531,0.0529,0.0529,33425
1771758000000,0.0529,0.053,0.0529,0.053,8804
1771758900000,0.053,0.053,0.0529,0.0529,17217
1771759800000,0.0529,0.0529,0.0528,0.0528,35777
1771760700000,0.0528,0.0528,0.0528,0.0528,20683
1771761600000,0.0528,0.0528,0.0522,0.0522,154150
1771762500000,0.0522,0.0523,0.0521,0.0523,90418
1771763400000,0.0523,0.0523,0.0521,0.0521,114700
1771764300000,0.0521,0.0522,0.0521,0.0521,50725
1771765200000,0.0521,0.0521,0.0519,0.0519,57633
1771766100000,0.0519,0.0521,0.0519,0.052,134876
1771767000000,0.052,0.052,0.0517,0.0517,127751
1771767900000,0.0517,0.0518,0.0517,0.0518,187632
1771768800000,0.0518,0.0519,0.0517,0.0518,237387
1771769700000,0.0518,0.0518,0.0517,0.0518,70005
1771770600000,0.0518,0.0518,0.0516,0.0516,145835
1771771500000,0.0516,0.0516,0.0515,0.0516,78603
1771772400000,0.0516,0.0516,0.0515,0.0515,47369
1771773300000,0.0515,0.0516,0.0513,0.0516,65210
1771774200000,0.0516,0.0518,0.0516,0.0518,91313
1771775100000,0.0518,0.052,0.0518,0.0519,173444
1771776000000,0.0519,0.0519,0.0518,0.0518,38758
1771776900000,0.0518,0.0518,0.0518,0.0518,67147
1771777800000,0.0518,0.0518,0.0518,0.0518,14892
1771778700000,0.0518,0.052,0.0518,0.052,49603
1771779600000,0.052,0.052,0.0519,0.052,179992
1771780500000,0.052,0.052,0.0519,0.052,27349
1771781400000,0.052,0.052,0.0517,0.0518,138839
1771782300000,0.0518,0.052,0.0518,0.0518,30937
1771783200000,0.0518,0.0519,0.0518,0.0518,25819
1771784100000,0.0518,0.0519,0.0518,0.0518,22205
1771785000000,0.0518,0.0518,0.0518,0.0518,154221
1771785900000,0.0518,0.0518,0.0518,0.0518,132662
1771786800000,0.0518,0.0518,0.0515,0.0516,61792
1771787700000,0.0516,0.0517,0.0516,0.0516,31902
1771788600000,0.0516,0.0517,0.0516,0.0517,12082
1771789500000,0.0517,0.0517,0.0517,0.0517,0
1771790400000,0.0517,0.0518,0.0517,0.0517,13935
1771791300000,0.0517,0.0518,0.0517,0.0518,7602
1771792200000,0.0518,0.0518,0.0518,0.0518,71957
1771793100000,0.0518,0.0518,0.0515,0.0515,16668
1771794000000,0.0515,0.0515,0.0515,0.0515,0
1771794900000,0.0515,0.0517,0.0515,0.0515,59417
1771795800000,0.0515,0.0518,0.0515,0.0518,15672
1771796700000,0.0518,0.0518,0.0518,0.0518,32486
1771797600000,0.0518,0.0518,0.0516,0.0516,96411
1771798500000,0.0516,0.0518,0.0516,0.0518,66892
1771799400000,0.0518,0.0518,0.0517,0.0518,40295
1771800300000,0.0518,0.0519,0.0518,0.0519,101000
1771801200000,0.0519,0.052,0.0519,0.052,45777
1771802100000,0.052,0.052,0.0518,0.0518,78788
1771803000000,0.0518,0.0519,0.0518,0.0518,23310
1771803900000,0.0518,0.0519,0.0518,0.0519,4874
1771804800000,0.0519,0.0521,0.0519,0.052,123831
1771805700000,0.052,0.052,0.0518,0.0518,28720
1771806600000,0.0518,0.0518,0.0516,0.0516,24919
1771807500000,0.0516,0.0519,0.0514,0.0514,174763
1771808400000,0.0514,0.0514,0.0501,0.0502,1831825
1771809300000,0.0502,0.0502,0.0491,0.0494,1218768
1771810200000,0.0494,0.0498,0.0493,0.0497,326536
1771811100000,0.0497,0.0497,0.0492,0.0493,1560211
1771812000000,0.0493,0.0497,0.0492,0.0496,223911
1771812900000,0.0496,0.0497,0.0495,0.0497,200469
1771813800000,0.0497,0.0499,0.0497,0.0499,232546
1771814700000,0.0499,0.05,0.0498,0.0499,114299
1771815600000,0.0499,0.0503,0.0499,0.0502,112301
1771816500000,0.0502,0.0502,0.0498,0.0498,307565
1771817400000,0.0498,0.05,0.0498,0.0499,186500
1771818300000,0.0499,0.05,0.0499,0.05,83753
1771819200000,0.05,0.0501,0.0498,0.05,254960
1771820100000,0.05,0.0501,0.0498,0.0499,177124
1771821000000,0.0499,0.0499,0.0495,0.0496,73124
1771821900000,0.0496,0.0496,0.0496,0.0496,22357
1771822800000,0.0496,0.05,0.0495,0.0496,653670
1771823700000,0.0496,0.0497,0.0495,0.0495,441668
1771824600000,0.0495,0.0497,0.0495,0.0497,41950
1771825500000,0.0497,0.0497,0.0495,0.0496,132454
1771826400000,0.0496,0.0505,0.0496,0.0505,119359
1771827300000,0.0505,0.0506,0.0504,0.0504,95704
1771828200000,0.0504,0.0504,0.0504,0.0504,31743
1771829100000,0.0504,0.0506,0.0504,0.0506,23337
1771830000000,0.0506,0.0511,0.0504,0.051,2027140
1771830900000,0.051,0.051,0.0507,0.0507,117091
1771831800000,0.0507,0.0509,0.0507,0.0508,21634
1771832700000,0.0508,0.051,0.0508,0.051,80529
1771833600000,0.051,0.051,0.0508,0.0509,70255
1771834500000,0.0509,0.051,0.0507,0.0507,83159
1771835400000,0.0507,0.0507,0.0505,0.0505,37255
1771836300000,0.0505,0.0507,0.0505,0.0506,116595
1771837200000,0.0506,0.0507,0.0506,0.0507,16517
1771838100000,0.0507,0.0507,0.0506,0.0507,49595
1771839000000,0.0507,0.0514,0.0507,0.0512,520681
1771839900000,0.0512,0.0515,0.0512,0.0514,43915
1771840800000,0.0514,0.0517,0.0514,0.0517,174609
1771841700000,0.0517,0.0517,0.0517,0.0517,110629
1771842600000,0.0517,0.0517,0.0514,0.0515,77576
1771843500000,0.0515,0.0515,0.0514,0.0514,61371
1771844400000,0.0514,0.0514,0.0514,0.0514,17108
1771845300000,0.0514,0.0515,0.0514,0.0514,387785
1771846200000,0.0514,0.0514,0.0513,0.0513,78633
1771847100000,0.0513,0.0514,0.0513,0.0513,19782
1771848000000,0.0513,0.0515,0.0513,0.0515,27042
1771848900000,0.0515,0.0515,0.0514,0.0514,185174
1771849800000,0.0514,0.052,0.0512,0.052,92315
1771850700000,0.052,0.052,0.0517,0.0517,97130
1771851600000,0.0517,0.0517,0.0516,0.0516,35626
1771852500000,0.0516,0.0516,0.0515,0.0516,234305
1771853400000,0.0516,0.0516,0.0514,0.0515,180990
1771854300000,0.0515,0.0515,0.0512,0.0513,344108
1771855200000,0.0513,0.0513,0.0511,0.0512,121294
1771856100000,0.0512,0.0512,0.0509,0.0509,27472
1771857000000,0.0509,0.0511,0.0508,0.0511,260479
1771857900000,0.0511,0.0512,0.0509,0.051,262759
1771858800000,0.051,0.0511,0.0508,0.0509,243531
1771859700000,0.0509,0.0511,0.0507,0.0508,130844
1771860600000,0.0508,0.0509,0.0507,0.0509,203234
1771861500000,0.0509,0.0509,0.0506,0.0507,78010
1771862400000,0.0507,0.0507,0.0503,0.0503,245671
1771863300000,0.0503,0.0508,0.0503,0.0508,198381
1771864200000,0.0508,0.0509,0.0506,0.0506,169770
1771865100000,0.0506,0.0506,0.0504,0.0504,54188
1771866000000,0.0504,0.0506,0.0503,0.0503,142962
1771866900000,0.0503,0.0504,0.05,0.05,186137
1771867800000,0.05,0.05,0.0497,0.05,189416
1771868700000,0.05,0.0502,0.0496,0.0502,159754
1771869600000,0.0502,0.0505,0.0502,0.0505,133935
1771870500000,0.0505,0.0505,0.0503,0.0505,88271
1771871400000,0.0505,0.0508,0.0504,0.0507,102611
1771872300000,0.0507,0.0507,0.0504,0.0504,88272
1771873200000,0.0504,0.0505,0.0504,0.0505,65649
1771874100000,0.0505,0.0505,0.0502,0.0502,130741
1771875000000,0.0502,0.0503,0.0501,0.0502,94570
1771875900000,0.0502,0.0502,0.0501,0.0501,81411
1771876800000,0.0501,0.0501,0.05,0.05,91111
1771877700000,0.05,0.0501,0.0499,0.0499,99687
1771878600000,0.0499,0.0502,0.0499,0.0501,124887
1771879500000,0.0501,0.0503,0.0501,0.0503,41044
1771880400000,0.0503,0.0505,0.0502,0.0505,66943
1771881300000,0.0505,0.0505,0.0504,0.0504,48618
1771882200000,0.0504,0.0506,0.0503,0.0505,52286
1771883100000,0.0505,0.0506,0.0505,0.0506,24097
1771884000000,0.0506,0.051,0.0506,0.0509,126615
1771884900000,0.0509,0.0511,0.0509,0.0511,32530
1771885800000,0.0511,0.0512,0.051,0.0511,56517
1771886700000,0.0511,0.0511,0.0507,0.0507,4986
1771887600000,0.0507,0.0509,0.0507,0.0509,37663
1771888500000,0.0509,0.0509,0.0508,0.0508,31904
1771889400000,0.0508,0.0508,0.0506,0.0506,25953
1771890300000,0.0506,0.0506,0.0505,0.0505,55312
1771891200000,0.0505,0.0507,0.0505,0.0505,303918
1771892100000,0.0505,0.0508,0.0505,0.0507,71102
1771893000000,0.0507,0.051,0.0507,0.0509,20854
1771893900000,0.0509,0.051,0.0508,0.0508,27088
1771894800000,0.0508,0.0508,0.0504,0.0504,144991
1771895700000,0.0504,0.051,0.0498,0.051,1225813
1771896600000,0.051,0.0512,0.0509,0.051,219868
1771897500000,0.051,0.051,0.0507,0.0507,81877
1771898400000,0.0507,0.0507,0.0505,0.0506,86074
1771899300000,0.0506,0.0507,0.0505,0.0506,44770
1771900200000,0.0506,0.0509,0.0505,0.0505,92057
1771901100000,0.0505,0.0505,0.0503,0.0504,39856
1771902000000,0.0504,0.0504,0.05,0.05,138307
1771902900000,0.05,0.0502,0.05,0.0501,61587
1771903800000,0.0501,0.0501,0.05,0.05,24826
1771904700000,0.05,0.05,0.0499,0.05,137128
1771905600000,0.05,0.05,0.0496,0.0497,328806
1771906500000,0.0497,0.05,0.0496,0.05,178922
1771907400000,0.05,0.05,0.0496,0.0499,50787
1771908300000,0.0499,0.0499,0.0498,0.0498,27523
1771909200000,0.0498,0.05,0.0498,0.0499,53677
1771910100000,0.0499,0.0499,0.0495,0.0495,130635
1771911000000,0.0495,0.0496,0.0494,0.0495,217318
1771911900000,0.0495,0.0497,0.0495,0.0497,50592
1771912800000,0.0497,0.0497,0.0496,0.0497,40874
1771913700000,0.0497,0.0498,0.0497,0.0498,14448
1771914600000,0.0498,0.0499,0.0497,0.0499,54553
1771915500000,0.0499,0.0499,0.0496,0.0496,41031
1771916400000,0.0496,0.0499,0.0495,0.0498,148891
1771917300000,0.0498,0.0499,0.0497,0.0497,63882
1771918200000,0.0497,0.0498,0.0495,0.0496,100553
1771919100000,0.0496,0.0496,0.0494,0.0495,47151
1771920000000,0.0495,0.0495,0.0494,0.0494,78878
1771920900000,0.0494,0.0496,0.0493,0.0496,84487
1771921800000,0.0496,0.0497,0.0496,0.0497,58383
1771922700000,0.0497,0.0497,0.0496,0.0496,37763
1771923600000,0.0496,0.0496,0.0495,0.0495,112101
1771924500000,0.0495,0.0495,0.0494,0.0494,8716
1771925400000,0.0494,0.0495,0.0489,0.0494,232318
1771926300000,0.0494,0.0495,0.0494,0.0495,31059
1771927200000,0.0495,0.0496,0.0494,0.0496,52566
1771928100000,0.0496,0.0498,0.0496,0.0496,38888
1771929000000,0.0496,0.0497,0.0495,0.0495,24828
1771929900000,0.0495,0.0496,0.0495,0.0496,15585
1771930800000,0.0496,0.0496,0.0495,0.0496,103425
1771931700000,0.0496,0.0496,0.0496,0.0496,1310
1771932600000,0.0496,0.0496,0.0495,0.0495,11024
1771933500000,0.0495,0.0496,0.0495,0.0496,843
1771934400000,0.0496,0.0497,0.0495,0.0497,87710
1771935300000,0.0497,0.0499,0.0496,0.0499,40577
1771936200000,0.0499,0.0499,0.0496,0.0496,26610
1771937100000,0.0496,0.0496,0.0495,0.0496,21980
1771938000000,0.0496,0.0497,0.0496,0.0496,20995
1771938900000,0.0496,0.0497,0.0494,0.0494,33046
1771939800000,0.0494,0.0497,0.0492,0.0497,164253
1771940700000,0.0497,0.0497,0.0496,0.0497,42352
1771941600000,0.0497,0.0497,0.0495,0.0495,183209
1771942500000,0.0495,0.0495,0.0493,0.0494,69607
1771943400000,0.0494,0.05,0.0493,0.0499,517272
1771944300000,0.0499,0.0504,0.0499,0.0503,187616
1771945200000,0.0503,0.0508,0.0502,0.0508,98095
1771946100000,0.0508,0.0512,0.0507,0.0511,87565
1771947000000,0.0511,0.0512,0.051,0.051,112454
1771947900000,0.051,0.0511,0.051,0.051,96864
1771948800000,0.051,0.0514,0.051,0.0514,114528
1771949700000,0.0514,0.0514,0.051,0.051,48412
1771950600000,0.051,0.051,0.0506,0.051,54957
1771951500000,0.051,0.0513,0.0508,0.0513,73502
1771952400000,0.0513,0.0514,0.0512,0.0512,149947
1771953300000,0.0512,0.0513,0.0512,0.0512,262929
1771954200000,0.0512,0.0513,0.051,0.0511,59028
1771955100000,0.0511,0.0512,0.0509,0.0511,98154
1771956000000,0.0511,0.0513,0.0508,0.0508,120814
1771956900000,0.0508,0.051,0.0508,0.051,40283
1771957800000,0.051,0.0511,0.051,0.0511,26532
1771958700000,0.0511,0.0511,0.051,0.051,13315
1771959600000,0.051,0.0512,0.0509,0.0509,109625
1771960500000,0.0509,0.0509,0.0508,0.0509,14764
1771961400000,0.0509,0.0511,0.0509,0.0511,57245
1771962300000,0.0511,0.0511,0.0511,0.0511,46175
1771963200000,0.0511,0.0512,0.0508,0.0508,16720
1771964100000,0.0508,0.0509,0.0507,0.0508,34603
1771965000000,0.0508,0.051,0.0508,0.0508,46821
1771965900000,0.0508,0.0508,0.0506,0.0507,34015
1771966800000,0.0507,0.0507,0.0504,0.0505,66526
1771967700000,0.0505,0.0505,0.0502,0.0503,58128
1771968600000,0.0503,0.0503,0.0503,0.0503,9257
1771969500000,0.0503,0.0504,0.0503,0.0504,9579
1771970400000,0.0504,0.0506,0.0504,0.0506,16217
1771971300000,0.0506,0.0506,0.0504,0.0504,1985
1771972200000,0.0504,0.0504,0.0504,0.0504,2295
1771973100000,0.0504,0.0504,0.0502,0.0504,7243
1771974000000,0.0504,0.0504,0.0502,0.0503,22339
1771974900000,0.0503,0.0505,0.0503,0.0505,43173
1771975800000,0.0505,0.0505,0.0502,0.0503,410290
1771976700000,0.0503,0.0503,0.0503,0.0503,0
1771977600000,0.0503,0.0503,0.0501,0.0502,35247
1771978500000,0.0502,0.0502,0.05,0.0501,22473
1771979400000,0.0501,0.0503,0.0501,0.0503,14844
1771980300000,0.0503,0.0505,0.0503,0.0504,120379
1771981200000,0.0504,0.0517,0.0503,0.0516,309003
1771982100000,0.0516,0.0524,0.0515,0.0521,453816
1771983000000,0.0521,0.0523,0.052,0.052,116223
1771983900000,0.052,0.0523,0.0519,0.0522,253288
1771984800000,0.0522,0.0526,0.0522,0.0525,592324
1771985700000,0.0525,0.0525,0.0522,0.0523,61684
1771986600000,0.0523,0.0523,0.0522,0.0522,23545
1771987500000,0.0522,0.0523,0.0521,0.0521,275547
1771988400000,0.0521,0.0522,0.0519,0.0519,45378
1771989300000,0.0519,0.0519,0.0517,0.0517,33792
1771990200000,0.0517,0.0518,0.0517,0.0518,90299
1771991100000,0.0518,0.0518,0.0518,0.0518,137661
1771992000000,0.0518,0.0518,0.0515,0.0517,130632
1771992900000,0.0517,0.0518,0.0515,0.0517,134759
1771993800000,0.0517,0.052,0.0517,0.052,33139
1771994700000,0.052,0.0521,0.052,0.0521,222382
1771995600000,0.0521,0.0521,0.0519,0.0519,14650
1771996500000,0.0519,0.0519,0.0517,0.0517,29030
1771997400000,0.0517,0.0518,0.0513,0.0515,182304
1771998300000,0.0515,0.0517,0.0515,0.0517,11499
1771999200000,0.0517,0.0519,0.0517,0.0519,17825
1772000100000,0.0519,0.0519,0.0518,0.0519,11156
1772001000000,0.0519,0.0521,0.0519,0.0519,55491
1772001900000,0.0519,0.0519,0.0518,0.0518,11039
1772002800000,0.0518,0.0518,0.0517,0.0518,4636
1772003700000,0.0518,0.0519,0.0518,0.0518,45222
1772004600000,0.0518,0.0521,0.0518,0.0519,255265
1772005500000,0.0519,0.0521,0.0517,0.0521,250507
1772006400000,0.0521,0.0521,0.052,0.052,127946
1772007300000,0.052,0.0521,0.0519,0.0521,67716
1772008200000,0.0521,0.0521,0.0519,0.052,192684
1772009100000,0.052,0.0522,0.052,0.0521,60554
1772010000000,0.0521,0.0524,0.0521,0.0524,16107
1772010900000,0.0524,0.0524,0.0523,0.0524,51908
1772011800000,0.0524,0.0524,0.0521,0.0521,37606
1772012700000,0.0521,0.0523,0.0521,0.0522,59392
1772013600000,0.0522,0.0522,0.0519,0.0519,107763
1772014500000,0.0519,0.052,0.0518,0.0519,21822
1772015400000,0.0519,0.0519,0.0518,0.0519,15571
1772016300000,0.0519,0.0519,0.0518,0.0519,19003
1772017200000,0.0519,0.0519,0.0516,0.0517,64312
1772018100000,0.0517,0.0521,0.0516,0.0519,129071
1772019000000,0.0519,0.052,0.0519,0.0519,107765
1772019900000,0.0519,0.0521,0.0519,0.0521,153517
1772020800000,0.0521,0.0521,0.052,0.052,145336
1772021700000,0.052,0.0525,0.052,0.0523,324790
1772022600000,0.0523,0.0525,0.0522,0.0523,75140
1772023500000,0.0523,0.0526,0.0523,0.0525,225356
1772024400000,0.0525,0.053,0.0525,0.0528,720463
1772025300000,0.0528,0.053,0.0527,0.0529,75610
1772026200000,0.0529,0.0533,0.0529,0.0531,146447
1772027100000,0.0531,0.0534,0.053,0.0531,111267
1772028000000,0.0531,0.0531,0.0529,0.0531,51002
1772028900000,0.0531,0.0534,0.0531,0.0533,64971
1772029800000,0.0533,0.0534,0.053,0.053,423652
1772030700000,0.053,0.0538,0.053,0.0538,358441
1772031600000,0.0538,0.054,0.0533,0.0535,152427
1772032500000,0.0535,0.0538,0.0535,0.0536,145213
1772033400000,0.0536,0.0543,0.0536,0.0543,231589
1772034300000,0.0543,0.0543,0.0539,0.054,204410
1772035200000,0.054,0.0544,0.054,0.0542,244061
1772036100000,0.0542,0.0547,0.0542,0.0545,331958
1772037000000,0.0545,0.0546,0.0543,0.0545,347487
1772037900000,0.0545,0.0547,0.0545,0.0547,113164
1772038800000,0.0547,0.0549,0.0546,0.0548,244629
1772039700000,0.0548,0.055,0.0548,0.0549,264901
1772040600000,0.0549,0.0549,0.0547,0.0548,207637
1772041500000,0.0548,0.055,0.0548,0.0549,79182
1772042400000,0.0549,0.055,0.0547,0.0549,178745
1772043300000,0.0549,0.0555,0.0549,0.0554,158999
1772044200000,0.0554,0.0556,0.0553,0.0556,109217
1772045100000,0.0556,0.0556,0.0554,0.0554,35601
1772046000000,0.0554,0.0557,0.0551,0.0553,199669
1772046900000,0.0553,0.0556,0.0553,0.0555,43955
1772047800000,0.0555,0.0555,0.0553,0.0554,54425
1772048700000,0.0554,0.0557,0.0554,0.0557,74631
1772049600000,0.0557,0.056,0.0557,0.0557,302354
1772050500000,0.0557,0.0558,0.0555,0.0558,86147
1772051400000,0.0558,0.0563,0.0557,0.0561,242424
1772052300000,0.0561,0.0561,0.0558,0.0558,146621
1772053200000,0.0558,0.0558,0.0555,0.0555,40346
1772054100000,0.0555,0.0556,0.0554,0.0555,29721
1772055000000,0.0555,0.0563,0.0554,0.056,2568184
1772055900000,0.056,0.0561,0.0558,0.0559,295664
1772056800000,0.0559,0.0562,0.0559,0.0561,33428
1772057700000,0.0561,0.0562,0.0556,0.0557,388765
1772058600000,0.0557,0.0557,0.0551,0.0551,131697
1772059500000,0.0551,0.0551,0.0546,0.0548,144065
1772060400000,0.0548,0.0552,0.0548,0.0551,284436
1772061300000,0.0551,0.0551,0.0545,0.0545,154257
1772062200000,0.0545,0.0545,0.0534,0.0535,320006
1772063100000,0.0535,0.0541,0.0534,0.0541,86195
1772064000000,0.0541,0.0542,0.0539,0.054,105467
1772064900000,0.054,0.0544,0.054,0.0542,203943
1772065800000,0.0542,0.0542,0.0536,0.0536,136555
1772066700000,0.0536,0.054,0.0536,0.0539,182362
1772067600000,0.0539,0.0543,0.0538,0.0541,214087
1772068500000,0.0541,0.0542,0.054,0.054,124955
1772069400000,0.054,0.0541,0.0538,0.0539,107822
1772070300000,0.0539,0.0539,0.0537,0.0537,215169
1772071200000,0.0537,0.0537,0.0533,0.0533,97329
1772072100000,0.0533,0.0537,0.0533,0.0535,92741
1772073000000,0.0535,0.0538,0.0535,0.0538,82516
1772073900000,0.0538,0.0539,0.0537,0.0539,31102
1772074800000,0.0539,0.0539,0.0536,0.0537,67758
1772075700000,0.0537,0.0537,0.0536,0.0537,46334
1772076600000,0.0537,0.0537,0.0535,0.0536,60967
1772077500000,0.0536,0.0536,0.0535,0.0535,39096
1772078400000,0.0535,0.0537,0.0535,0.0535,75841
1772079300000,0.0535,0.0536,0.0533,0.0534,41093
1772080200000,0.0534,0.0537,0.0534,0.0535,155085
1772081100000,0.0535,0.0536,0.0535,0.0535,44545
1772082000000,0.0535,0.0535,0.0528,0.0529,90219
1772082900000,0.0529,0.053,0.0528,0.053,65129
1772083800000,0.053,0.053,0.0529,0.053,49432
1772084700000,0.053,0.0531,0.053,0.053,29929
1772085600000,0.053,0.0531,0.0528,0.0531,70568
1772086500000,0.0531,0.0531,0.0528,0.0528,23948
1772087400000,0.0528,0.0528,0.0527,0.0527,166512
1772088300000,0.0527,0.0528,0.0526,0.0527,51941
1772089200000,0.0527,0.0527,0.0526,0.0527,92116
1772090100000,0.0527,0.0527,0.0524,0.0525,58769
1772091000000,0.0525,0.0528,0.0525,0.0528,423513
1772091900000,0.0528,0.0529,0.0527,0.0528,130227
1772092800000,0.0528,0.053,0.0527,0.0529,81935
1772093700000,0.0529,0.0531,0.0529,0.053,99886
1772094600000,0.053,0.053,0.0528,0.0528,64219
1772095500000,0.0528,0.053,0.0528,0.0528,20213
1772096400000,0.0528,0.0536,0.0527,0.0533,521188
1772097300000,0.0533,0.0536,0.0533,0.0535,325127
1772098200000,0.0535,0.0536,0.0534,0.0535,263852
1772099100000,0.0535,0.0535,0.0534,0.0534,28242
1772100000000,0.0534,0.0534,0.0532,0.0532,49073
1772100900000,0.0532,0.0532,0.0531,0.0531,21867
1772101800000,0.0531,0.0531,0.0528,0.0528,115399
1772102700000,0.0528,0.0528,0.0526,0.0526,96283
1772103600000,0.0526,0.0527,0.0526,0.0526,51115
1772104500000,0.0526,0.0526,0.0524,0.0525,388508
1772105400000,0.0525,0.0525,0.0524,0.0525,232544
1772106300000,0.0525,0.0525,0.0524,0.0525,25169
1772107200000,0.0525,0.0527,0.0525,0.0526,52320
1772108100000,0.0526,0.0528,0.0526,0.0528,58858
1772109000000,0.0528,0.053,0.0528,0.0529,89510
1772109900000,0.0529,0.053,0.0529,0.0529,37054
1772110800000,0.0529,0.053,0.0528,0.0528,187975
1772111700000,0.0528,0.0529,0.0528,0.0529,45816
1772112600000,0.0529,0.0529,0.0528,0.0528,46774
1772113500000,0.0528,0.053,0.0527,0.0527,123091
1772114400000,0.0527,0.0527,0.0523,0.0526,86410
1772115300000,0.0526,0.0526,0.0524,0.0525,209918
1772116200000,0.0525,0.0526,0.052,0.0523,494786
1772117100000,0.0523,0.0524,0.052,0.0524,108329
1772118000000,0.0524,0.0524,0.0521,0.0522,127350
1772118900000,0.0522,0.0522,0.0516,0.0518,410459
1772119800000,0.0518,0.0523,0.0516,0.0523,590240
1772120700000,0.0523,0.0523,0.052,0.0521,64392
1772121600000,0.0521,0.0522,0.0518,0.0518,63918
1772122500000,0.0518,0.0521,0.0518,0.052,66650
1772123400000,0.052,0.052,0.0514,0.0516,317511
1772124300000,0.0516,0.0516,0.0504,0.0506,2985274
1772125200000,0.0506,0.0511,0.0506,0.0511,85951
1772126100000,0.0511,0.0512,0.051,0.051,81108
1772127000000,0.051,0.0512,0.0509,0.0509,44655
1772127900000,0.0509,0.051,0.0507,0.0507,14878
1772128800000,0.0507,0.0508,0.0506,0.0507,214796
1772129700000,0.0507,0.0509,0.0507,0.0508,126792
1772130600000,0.0508,0.0514,0.0508,0.0514,184721
1772131500000,0.0514,0.0515,0.0514,0.0515,86690
1772132400000,0.0515,0.0522,0.0515,0.052,1869382
1772133300000,0.052,0.052,0.0519,0.0519,106554
1772134200000,0.0519,0.0519,0.0518,0.0518,47761
1772135100000,0.0518,0.052,0.0518,0.052,246070
1772136000000,0.052,0.0521,0.0519,0.0519,48268
1772136900000,0.0519,0.052,0.0518,0.0518,21798
1772137800000,0.0518,0.0518,0.0516,0.0516,99491
1772138700000,0.0516,0.0516,0.0515,0.0516,38639
1772139600000,0.0516,0.0516,0.0515,0.0516,71229
1772140500000,0.0516,0.0517,0.0516,0.0517,55239
1772141400000,0.0517,0.0517,0.0516,0.0516,34515
1772142300000,0.0516,0.0516,0.0516,0.0516,163430
1772143200000,0.0516,0.0516,0.0516,0.0516,67693
1772144100000,0.0516,0.0516,0.0516,0.0516,18830
1772145000000,0.0516,0.0518,0.0515,0.0518,62105
1772145900000,0.0518,0.0521,0.0518,0.0521,120084
1772146800000,0.0521,0.0521,0.052,0.0521,25569
1772147700000,0.0521,0.0521,0.0521,0.0521,25689
1772148600000,0.0521,0.0521,0.052,0.052,4150
1772149500000,0.052,0.052,0.052,0.052,23087
1772150400000,0.052,0.0521,0.052,0.0521,65280
1772151300000,0.0521,0.0521,0.052,0.052,8610
1772152200000,0.052,0.052,0.0518,0.0518,160971
1772153100000,0.0518,0.0521,0.0518,0.0521,21235
1772154000000,0.0521,0.0522,0.052,0.052,166620
1772154900000,0.052,0.0523,0.052,0.052,211129
1772155800000,0.052,0.0521,0.052,0.052,161595
1772156700000,0.052,0.0521,0.052,0.0521,63125
1772157600000,0.0521,0.0523,0.0521,0.0522,36158
1772158500000,0.0522,0.0524,0.0522,0.0523,26947
1772159400000,0.0523,0.0525,0.0522,0.0522,42598
1772160300000,0.0522,0.0522,0.052,0.052,67740
1772161200000,0.052,0.0521,0.052,0.052,61095
1772162100000,0.052,0.0521,0.052,0.0521,10943
1772163000000,0.0521,0.0523,0.0521,0.0523,35050
1772163900000,0.0523,0.0527,0.0523,0.0526,32322
1772164800000,0.0526,0.0532,0.0525,0.0532,151176
1772165700000,0.0532,0.0533,0.0531,0.0531,77124
1772166600000,0.0531,0.0531,0.0528,0.0528,111174
1772167500000,0.0528,0.0531,0.0528,0.0529,75210
1772168400000,0.0529,0.0531,0.0529,0.053,51061
1772169300000,0.053,0.0531,0.0529,0.053,26656
1772170200000,0.053,0.0532,0.053,0.0532,45426
1772171100000,0.0532,0.0532,0.053,0.053,69269
1772172000000,0.053,0.053,0.0529,0.0529,156986
1772172900000,0.0529,0.0529,0.0528,0.0529,138811
1772173800000,0.0529,0.053,0.0529,0.053,30415
1772174700000,0.053,0.0532,0.053,0.053,67578
1772175600000,0.053,0.053,0.0528,0.0529,96923
1772176500000,0.0529,0.0529,0.0528,0.0528,17223
1772177400000,0.0528,0.0529,0.0527,0.0528,190397
1772178300000,0.0528,0.0531,0.0528,0.0531,28085
1772179200000,0.0531,0.0533,0.0531,0.0533,215124
1772180100000,0.0533,0.0533,0.053,0.0531,83924
1772181000000,0.0531,0.0532,0.053,0.0532,124026
1772181900000,0.0532,0.0532,0.053,0.0532,104282
1772182800000,0.0532,0.0532,0.0531,0.0532,57147
1772183700000,0.0532,0.0532,0.053,0.0531,127715
1772184600000,0.0531,0.0533,0.053,0.0531,71280
1772185500000,0.0531,0.0531,0.0529,0.0529,85798
1772186400000,0.0529,0.0529,0.0522,0.0522,166942
1772187300000,0.0522,0.0525,0.0522,0.0523,352427
1772188200000,0.0523,0.0527,0.0523,0.0526,346982
1772189100000,0.0526,0.0527,0.0521,0.0522,300417
1772190000000,0.0522,0.0524,0.0522,0.0524,116342
1772190900000,0.0524,0.0525,0.0521,0.0522,213152
1772191800000,0.0522,0.0522,0.0513,0.0514,701094
1772192700000,0.0514,0.0518,0.0514,0.0516,426603
1772193600000,0.0516,0.0516,0.0514,0.0515,123166
1772194500000,0.0515,0.0517,0.0514,0.0516,36754
1772195400000,0.0516,0.0516,0.0512,0.0513,161549
1772196300000,0.0513,0.0513,0.0512,0.0512,240034
1772197200000,0.0512,0.0517,0.0512,0.0515,85355
1772198100000,0.0515,0.0515,0.0513,0.0513,32076
1772199000000,0.0513,0.0513,0.0507,0.0511,2832142
1772199900000,0.0511,0.0514,0.0511,0.0512,142214
1772200800000,0.0512,0.0513,0.0511,0.0511,36955
1772201700000,0.0511,0.0511,0.0509,0.0509,27404
1772202600000,0.0509,0.0512,0.0509,0.051,99474
1772203500000,0.051,0.0511,0.0508,0.0508,40261
1772204400000,0.0508,0.0509,0.0507,0.0508,156092
1772205300000,0.0508,0.0509,0.0505,0.0507,46153
1772206200000,0.0507,0.0508,0.0505,0.0507,39487
1772207100000,0.0507,0.051,0.0507,0.0508,50120
1772208000000,0.0508,0.0508,0.0502,0.0505,1202184
1772208900000,0.0505,0.0507,0.0505,0.0507,389840
1772209800000,0.0507,0.0507,0.0504,0.0504,617078
1772210700000,0.0504,0.0504,0.05,0.0501,720847
1772211600000,0.0501,0.0501,0.0498,0.0498,171873
1772212500000,0.0498,0.05,0.0496,0.0498,198495
1772213400000,0.0498,0.0502,0.0497,0.0501,490472
1772214300000,0.0501,0.0504,0.05,0.0504,184402
1772215200000,0.0504,0.0504,0.0501,0.0501,97684
1772216100000,0.0501,0.0501,0.05,0.0501,175673
1772217000000,0.0501,0.0502,0.05,0.05,296188
1772217900000,0.05,0.05,0.0498,0.0498,33927
1772218800000,0.0498,0.0498,0.0496,0.0496,78052
1772219700000,0.0496,0.0497,0.0496,0.0497,42941
1772220600000,0.0497,0.0497,0.0494,0.0494,8332
1772221500000,0.0494,0.0496,0.0494,0.0496,147732
1772222400000,0.0496,0.0496,0.0495,0.0496,259779
1772223300000,0.0496,0.0497,0.0496,0.0496,46070
1772224200000,0.0496,0.0496,0.0495,0.0496,19642
1772225100000,0.0496,0.0496,0.0494,0.0494,205409
1772226000000,0.0494,0.0496,0.0493,0.0496,273628
1772226900000,0.0496,0.0496,0.0494,0.0494,17543
1772227800000,0.0494,0.0494,0.0491,0.0491,70497
1772228700000,0.0491,0.0492,0.0489,0.049,56496
1772229600000,0.049,0.0491,0.049,0.049,106731
1772230500000,0.049,0.049,0.0488,0.0489,56557
1772231400000,0.0489,0.0489,0.0482,0.0488,292341
1772232300000,0.0488,0.0492,0.0488,0.0491,195652
1772233200000,0.0491,0.0495,0.0491,0.0494,38935
1772234100000,0.0494,0.0495,0.0493,0.0495,33665
1772235000000,0.0495,0.0495,0.0495,0.0495,9835
1772235900000,0.0495,0.0495,0.0494,0.0494,6485
1772236800000,0.0494,0.0497,0.0494,0.0497,26289
1772237700000,0.0497,0.0498,0.0497,0.0498,101061
1772238600000,0.0498,0.05,0.0498,0.05,164922
1772239500000,0.05,0.0501,0.05,0.0501,116806
1772240400000,0.0501,0.0501,0.0499,0.0499,44046
1772241300000,0.0499,0.0499,0.0495,0.0495,61191
1772242200000,0.0495,0.0495,0.0494,0.0494,33341
1772243100000,0.0494,0.0494,0.0493,0.0493,39945
1772244000000,0.0493,0.0494,0.0492,0.0494,58749
1772244900000,0.0494,0.0494,0.0494,0.0494,5259
1772245800000,0.0494,0.0494,0.0493,0.0493,44465
1772246700000,0.0493,0.0494,0.0493,0.0493,16869
1772247600000,0.0493,0.0495,0.0493,0.0495,108344
1772248500000,0.0495,0.0495,0.0493,0.0493,42205
1772249400000,0.0493,0.0494,0.0491,0.0491,354365
1772250300000,0.0491,0.0493,0.0491,0.0492,85652
1772251200000,0.0492,0.0493,0.0491,0.0492,59338
1772252100000,0.0492,0.0492,0.0492,0.0492,84624
1772253000000,0.0492,0.0492,0.0489,0.0491,53791
1772253900000,0.0491,0.0492,0.0491,0.0492,4192
1772254800000,0.0492,0.0492,0.0492,0.0492,16962
1772255700000,0.0492,0.0492,0.0491,0.0491,5117
1772256600000,0.0491,0.0491,0.0487,0.0489,361595
1772257500000,0.0489,0.0489,0.0489,0.0489,86217
1772258400000,0.0489,0.0489,0.0487,0.0487,28913
1772259300000,0.0487,0.0487,0.0474,0.0478,1875734
1772260200000,0.0478,0.0478,0.0469,0.0474,798578
1772261100000,0.0474,0.0476,0.0465,0.0466,256507
1772262000000,0.0466,0.047,0.0463,0.0469,819463
1772262900000,0.0469,0.047,0.0462,0.0464,883020
1772263800000,0.0464,0.0476,0.0464,0.0474,773868
1772264700000,0.0474,0.0474,0.0468,0.0468,91696
1772265600000,0.0468,0.0468,0.0464,0.0465,135191
1772266500000,0.0465,0.0467,0.0463,0.0465,85194
1772267400000,0.0465,0.0465,0.0462,0.0462,189260
1772268300000,0.0462,0.0463,0.0459,0.046,188827
1772269200000,0.046,0.0463,0.0459,0.0463,720088
1772270100000,0.0463,0.0464,0.0461,0.0464,201527
1772271000000,0.0464,0.0464,0.046,0.046,188666
1772271900000,0.046,0.046,0.0459,0.0459,124652
1772272800000,0.0459,0.0459,0.0456,0.0459,592463
1772273700000,0.0459,0.0462,0.0457,0.0461,284559
1772274600000,0.0461,0.0464,0.0461,0.0462,106870
1772275500000,0.0462,0.0462,0.046,0.046,29528
1772276400000,0.046,0.0462,0.046,0.0461,150473
1772277300000,0.0461,0.0462,0.0461,0.0462,28052
1772278200000,0.0462,0.0462,0.046,0.046,61231
1772279100000,0.046,0.046,0.0457,0.0457,94121
1772280000000,0.0457,0.0458,0.0456,0.0458,108703
1772280900000,0.0458,0.0459,0.0458,0.0458,28294
1772281800000,0.0458,0.0458,0.0458,0.0458,32845
1772282700000,0.0458,0.0458,0.0457,0.0458,39842
1772283600000,0.0458,0.0459,0.0458,0.0459,33002
1772284500000,0.0459,0.0462,0.0458,0.0458,39640
1772285400000,0.0458,0.0458,0.0456,0.0456,40955
1772286300000,0.0456,0.047,0.0456,0.0469,1369127
1772287200000,0.0469,0.047,0.0465,0.0466,146158
1772288100000,0.0466,0.0469,0.0466,0.0468,101398
1772289000000,0.0468,0.0471,0.0467,0.047,238570
1772289900000,0.047,0.047,0.0464,0.0465,357377
1772290800000,0.0465,0.0466,0.0462,0.0462,118495
1772291700000,0.0462,0.0469,0.0462,0.0468,412821
1772292600000,0.0468,0.0469,0.0466,0.0466,233418
1772293500000,0.0466,0.0468,0.0466,0.0467,17761
1772294400000,0.0467,0.0467,0.0463,0.0464,200034
1772295300000,0.0464,0.0465,0.0462,0.0464,105672
1772296200000,0.0464,0.0466,0.0463,0.0466,79459
1772297100000,0.0466,0.0467,0.0465,0.0467,58726
1772298000000,0.0467,0.0467,0.0465,0.0465,65866
1772298900000,0.0465,0.0466,0.0464,0.0465,146201
1772299800000,0.0465,0.0465,0.0462,0.0463,214913
1772300700000,0.0463,0.0468,0.0463,0.0468,137600
1772301600000,0.0468,0.0468,0.0466,0.0467,30463
1772302500000,0.0467,0.0467,0.0466,0.0466,19828
1772303400000,0.0466,0.0474,0.0466,0.0473,278143
1772304300000,0.0473,0.0478,0.0473,0.0475,94735
1772305200000,0.0475,0.0475,0.0472,0.0473,80462
1772306100000,0.0473,0.0474,0.0473,0.0474,47467
1772307000000,0.0474,0.0483,0.0474,0.048,270622
1772307900000,0.048,0.0482,0.0479,0.048,50601
1772308800000,0.048,0.0483,0.0479,0.0483,96908
1772309700000,0.0483,0.0489,0.0483,0.0486,140446
1772310600000,0.0486,0.0487,0.0484,0.0485,104592
1772311500000,0.0485,0.0489,0.0485,0.0488,88086
1772312400000,0.0488,0.0488,0.0484,0.0485,110253
1772313300000,0.0485,0.0485,0.0482,0.0482,173462
1772314200000,0.0482,0.0485,0.0481,0.0484,212463
1772315100000,0.0484,0.0485,0.0483,0.0484,99338
1772316000000,0.0484,0.0491,0.0484,0.0488,610859
1772316900000,0.0488,0.049,0.0488,0.049,62326
1772317800000,0.049,0.0496,0.049,0.0492,103549
1772318700000,0.0492,0.0495,0.0492,0.0493,50648
1772319600000,0.0493,0.0493,0.0491,0.0491,12858
1772320500000,0.0491,0.0491,0.0489,0.049,78697
1772321400000,0.049,0.049,0.0489,0.049,21573
1772322300000,0.049,0.0491,0.049,0.0491,360438
1772323200000,0.0491,0.0492,0.0489,0.0489,44687
1772324100000,0.0489,0.0489,0.0487,0.0487,55816
1772325000000,0.0487,0.0487,0.0485,0.0486,65442
1772325900000,0.0486,0.0486,0.0485,0.0485,30823
1772326800000,0.0485,0.0485,0.0482,0.0482,1729369
1772327700000,0.0482,0.0484,0.0482,0.0484,65324
1772328600000,0.0484,0.0492,0.0484,0.0491,337048
1772329500000,0.0491,0.0505,0.0491,0.0501,830489
1772330400000,0.0501,0.0513,0.0501,0.0511,633653
1772331300000,0.0511,0.0513,0.0507,0.0508,221901
1772332200000,0.0508,0.051,0.0507,0.051,171473
1772333100000,0.051,0.051,0.0506,0.0507,286988
1772334000000,0.0507,0.051,0.0507,0.0509,169176
1772334900000,0.0509,0.0509,0.0505,0.0506,80631
1772335800000,0.0506,0.0508,0.0506,0.0508,85396
1772336700000,0.0508,0.0509,0.0505,0.0507,330606
1772337600000,0.0507,0.0509,0.0506,0.0506,177933
1772338500000,0.0506,0.0506,0.0501,0.0502,183086
1772339400000,0.0502,0.0506,0.0502,0.0505,29918
1772340300000,0.0505,0.0505,0.0505,0.0505,5382
1772341200000,0.0505,0.0508,0.0505,0.0508,25046
1772342100000,0.0508,0.0509,0.0507,0.0509,22614
1772343000000,0.0509,0.0511,0.0509,0.051,93383
1772343900000,0.051,0.0511,0.0509,0.0509,21145
1772344800000,0.0509,0.0509,0.0502,0.0504,113734
1772345700000,0.0504,0.0505,0.0503,0.0504,108489
1772346600000,0.0504,0.0504,0.0503,0.0504,134390
1772347500000,0.0504,0.0505,0.0502,0.0505,83337
1772348400000,0.0505,0.0506,0.0504,0.0505,64722
1772349300000,0.0505,0.0505,0.0504,0.0504,42549
1772350200000,0.0504,0.0509,0.0504,0.0508,216754
1772351100000,0.0508,0.0508,0.0508,0.0508,8537
1772352000000,0.0508,0.0508,0.0505,0.0508,77219
1772352900000,0.0508,0.051,0.0508,0.051,248327
1772353800000,0.051,0.051,0.0505,0.0505,85361
1772354700000,0.0505,0.0505,0.0498,0.0499,275058
1772355600000,0.0499,0.0502,0.0499,0.05,28714
1772356500000,0.05,0.0501,0.0497,0.0497,31780
1772357400000,0.0497,0.0498,0.0493,0.0494,52926
1772358300000,0.0494,0.0494,0.0492,0.0492,137274
1772359200000,0.0492,0.0493,0.0489,0.0492,79305
1772360100000,0.0492,0.0492,0.049,0.049,132792
1772361000000,0.049,0.0493,0.0489,0.0491,122000
1772361900000,0.0491,0.0491,0.0489,0.049,61361
1772362800000,0.049,0.0491,0.0489,0.049,84731
1772363700000,0.049,0.0492,0.049,0.0492,27938
1772364600000,0.0492,0.0492,0.0491,0.0491,29205
1772365500000,0.0491,0.0491,0.049,0.049,22473
1772366400000,0.049,0.049,0.0489,0.049,61313
1772367300000,0.049,0.049,0.0489,0.0489,45390
1772368200000,0.0489,0.0489,0.0487,0.0488,104572
1772369100000,0.0488,0.0488,0.0485,0.0485,54153
1772370000000,0.0485,0.0486,0.0484,0.0486,68928
1772370900000,0.0486,0.0486,0.0481,0.0484,50720
1772371800000,0.0484,0.0484,0.0482,0.0482,23472
1772372700000,0.0482,0.0495,0.0482,0.0492,344308
1772373600000,0.0492,0.0496,0.0491,0.0495,238328
1772374500000,0.0495,0.0495,0.0491,0.0492,59104
1772375400000,0.0492,0.0493,0.0488,0.0489,129071
1772376300000,0.0489,0.0491,0.0489,0.049,50097
1772377200000,0.049,0.0492,0.0489,0.0491,67387
1772378100000,0.0491,0.0492,0.049,0.0491,89270
1772379000000,0.0491,0.0492,0.0491,0.0492,47919
1772379900000,0.0492,0.0492,0.049,0.049,38291
1772380800000,0.049,0.0496,0.0489,0.0495,87849
1772381700000,0.0495,0.0495,0.0492,0.0494,53363
1772382600000,0.0494,0.0494,0.0493,0.0493,42463
1772383500000,0.0493,0.0493,0.0484,0.0487,202796
1772384400000,0.0487,0.0487,0.0485,0.0485,118578
1772385300000,0.0485,0.0485,0.0479,0.0482,69020
1772386200000,0.0482,0.0483,0.0481,0.0483,51045
1772387100000,0.0483,0.0483,0.0481,0.0481,160201
1772388000000,0.0481,0.0488,0.048,0.0487,327890
1772388900000,0.0487,0.0488,0.0485,0.0485,25509
1772389800000,0.0485,0.0485,0.0482,0.0485,99117
1772390700000,0.0485,0.0485,0.0484,0.0484,114175
1772391600000,0.0484,0.0484,0.0479,0.048,39545
1772392500000,0.048,0.0481,0.0478,0.0478,307029
1772393400000,0.0478,0.048,0.0476,0.0476,243181
1772394300000,0.0476,0.0478,0.0475,0.0477,299023
1772395200000,0.0477,0.0477,0.0472,0.0473,127427
1772396100000,0.0473,0.0474,0.0472,0.0472,34876
1772397000000,0.0472,0.0472,0.0469,0.0469,240483
1772397900000,0.0469,0.0472,0.0469,0.0471,130936
1772398800000,0.0471,0.0472,0.0471,0.0472,123275
1772399700000,0.0472,0.0475,0.0472,0.0475,45233
1772400600000,0.0475,0.0475,0.0474,0.0474,18433
1772401500000,0.0474,0.0476,0.0474,0.0475,13108
1772402400000,0.0475,0.0483,0.0473,0.048,2359017
1772403300000,0.048,0.048,0.0477,0.0477,84629
1772404200000,0.0477,0.0478,0.0475,0.0478,14084
1772405100000,0.0478,0.0478,0.0477,0.0477,2276
1772406000000,0.0477,0.0483,0.0476,0.0482,14529
1772406900000,0.0482,0.0482,0.0479,0.0479,64545
1772407800000,0.0479,0.0479,0.0479,0.0479,15614
1772408700000,0.0479,0.0479,0.0479,0.0479,25449
1772409600000,0.0479,0.0481,0.0478,0.0481,133133
1772410500000,0.0481,0.0482,0.048,0.0481,74741
1772411400000,0.0481,0.0486,0.0481,0.0486,184573
1772412300000,0.0486,0.0488,0.0486,0.0487,115895
1772413200000,0.0487,0.0493,0.0486,0.0492,233759
1772414100000,0.0492,0.0493,0.0487,0.0487,84999
1772415000000,0.0487,0.0488,0.0487,0.0487,61258
1772415900000,0.0487,0.0488,0.0486,0.0487,38470
1772416800000,0.0487,0.0488,0.0481,0.0482,462631
1772417700000,0.0482,0.0484,0.0482,0.0484,102595
1772418600000,0.0484,0.0487,0.0484,0.0485,42182
1772419500000,0.0485,0.0486,0.0485,0.0485,73018
1772420400000,0.0485,0.0486,0.0483,0.0485,79041
1772421300000,0.0485,0.0492,0.0485,0.0492,149515
1772422200000,0.0492,0.0493,0.0491,0.0491,157464
1772423100000,0.0491,0.0492,0.0491,0.0491,73508
1772424000000,0.0491,0.0491,0.049,0.0491,15848
1772424900000,0.0491,0.0492,0.0491,0.0491,20590
1772425800000,0.0491,0.0493,0.0491,0.0491,100561
1772426700000,0.0491,0.0491,0.0489,0.0489,109655
1772427600000,0.0489,0.049,0.0486,0.0487,36152
1772428500000,0.0487,0.0487,0.0486,0.0487,30187
1772429400000,0.0487,0.0491,0.0487,0.0491,49696
1772430300000,0.0491,0.0491,0.0488,0.0488,28360
1772431200000,0.0488,0.0488,0.0487,0.0487,16899
1772432100000,0.0487,0.0487,0.048,0.0482,200362
1772433000000,0.0482,0.0484,0.0482,0.0484,100855
1772433900000,0.0484,0.0484,0.0481,0.0482,57029
1772434800000,0.0482,0.0482,0.0477,0.0477,155093
1772435700000,0.0477,0.048,0.0476,0.048,60525
1772436600000,0.048,0.0482,0.048,0.0482,45774
1772437500000,0.0482,0.0482,0.0481,0.0481,9527
1772438400000,0.0481,0.0481,0.0476,0.0479,2010702
1772439300000,0.0479,0.0479,0.0476,0.0476,144977
1772440200000,0.0476,0.048,0.0476,0.048,74600
1772441100000,0.048,0.0483,0.0479,0.0482,71475
1772442000000,0.0482,0.0486,0.0482,0.0486,94936
1772442900000,0.0486,0.0489,0.0486,0.0486,78378
1772443800000,0.0486,0.0487,0.0485,0.0486,28999
1772444700000,0.0486,0.0486,0.0485,0.0485,16682
1772445600000,0.0485,0.0486,0.0484,0.0485,74736
1772446500000,0.0485,0.0486,0.0485,0.0486,64455
1772447400000,0.0486,0.0486,0.0484,0.0485,60026
1772448300000,0.0485,0.0486,0.0485,0.0486,21183
1772449200000,0.0486,0.0486,0.0484,0.0485,59184
1772450100000,0.0485,0.0486,0.0485,0.0486,122537
1772451000000,0.0486,0.0489,0.0486,0.0489,34034
1772451900000,0.0489,0.049,0.0488,0.0488,87577
1772452800000,0.0488,0.0488,0.0487,0.0487,5598
1772453700000,0.0487,0.0487,0.0485,0.0485,46602
1772454600000,0.0485,0.0485,0.0483,0.0484,91038
1772455500000,0.0484,0.0484,0.0483,0.0484,60519
1772456400000,0.0484,0.0484,0.0481,0.0481,194890
1772457300000,0.0481,0.0484,0.0481,0.0481,38575
1772458200000,0.0481,0.0483,0.048,0.0481,87518
1772459100000,0.0481,0.0481,0.0478,0.0479,70228
1772460000000,0.0479,0.0482,0.0477,0.0482,44367
1772460900000,0.0482,0.0482,0.0479,0.0481,274230
1772461800000,0.0481,0.0491,0.0481,0.049,356085
1772462700000,0.049,0.0496,0.0489,0.0496,188455
1772463600000,0.0496,0.0507,0.0495,0.0507,278821
1772464500000,0.0507,0.0511,0.0506,0.0508,188209
1772465400000,0.0508,0.0509,0.0504,0.0509,56692
1772466300000,0.0509,0.051,0.0506,0.0507,110427
1772467200000,0.0507,0.0512,0.0506,0.0511,78835
1772468100000,0.0511,0.0512,0.0509,0.0509,380007
1772469000000,0.0509,0.0513,0.0504,0.0513,131834
1772469900000,0.0513,0.0516,0.051,0.0511,318250
1772470800000,0.0511,0.0511,0.0506,0.0507,134317
1772471700000,0.0507,0.0507,0.0501,0.0506,221164
1772472600000,0.0506,0.0508,0.0502,0.0503,215473
1772473500000,0.0503,0.0505,0.0498,0.0505,35592
1772474400000,0.0505,0.0505,0.05,0.0503,44671
1772475300000,0.0503,0.0504,0.0503,0.0503,153890
1772476200000,0.0503,0.0504,0.0502,0.0504,63480
1772477100000,0.0504,0.0505,0.0501,0.0502,222841
1772478000000,0.0502,0.0502,0.0498,0.0499,138608
1772478900000,0.0499,0.0501,0.0499,0.0501,36824
1772479800000,0.0501,0.0503,0.05,0.0501,80780
1772480700000,0.0501,0.0503,0.0501,0.0502,149985
1772481600000,0.0502,0.0505,0.0499,0.05,127044
1772482500000,0.05,0.0501,0.0499,0.05,98564
1772483400000,0.05,0.05,0.0499,0.05,85976
1772484300000,0.05,0.05,0.0497,0.0497,72305
1772485200000,0.0497,0.0497,0.0492,0.0494,582731
1772486100000,0.0494,0.0496,0.0493,0.0496,103271
1772487000000,0.0496,0.0496,0.0494,0.0495,40239
1772487900000,0.0495,0.0495,0.0494,0.0494,72089
1772488800000,0.0494,0.0496,0.0493,0.0493,97095
1772489700000,0.0493,0.0495,0.0493,0.0495,1037
1772490600000,0.0495,0.0495,0.0495,0.0495,9680
1772491500000,0.0495,0.0495,0.0495,0.0495,23986
1772492400000,0.0495,0.0495,0.0494,0.0494,26198
1772493300000,0.0494,0.0494,0.0488,0.0488,346969
1772494200000,0.0488,0.0488,0.0485,0.0486,35613
1772495100000,0.0486,0.0488,0.0486,0.0488,21449
1772496000000,0.0488,0.0489,0.0486,0.0486,80098
1772496900000,0.0486,0.0486,0.0483,0.0484,18919
1772497800000,0.0484,0.0486,0.0483,0.0486,94323
1772498700000,0.0486,0.0486,0.0484,0.0485,39688
1772499600000,0.0485,0.0486,0.0484,0.0485,42398
1772500500000,0.0485,0.0485,0.0483,0.0483,62867
1772501400000,0.0483,0.0483,0.0482,0.0483,39711
1772502300000,0.0483,0.0483,0.0481,0.0481,43975
1772503200000,0.0481,0.0481,0.0478,0.0479,62003
1772504100000,0.0479,0.0479,0.0476,0.0479,127596
1772505000000,0.0479,0.0481,0.0479,0.0481,35439
1772505900000,0.0481,0.0482,0.048,0.048,23040
1772506800000,0.048,0.048,0.0479,0.0479,32450
1772507700000,0.0479,0.0479,0.0477,0.0478,39952
1772508600000,0.0478,0.0483,0.0478,0.0483,82648
1772509500000,0.0483,0.0483,0.0482,0.0482,108696
1772510400000,0.0482,0.0482,0.0481,0.0481,49416
1772511300000,0.0481,0.0482,0.0479,0.0481,54241
1772512200000,0.0481,0.0481,0.048,0.048,47093
1772513100000,0.048,0.048,0.0479,0.0479,73928
1772514000000,0.0479,0.0481,0.0478,0.0481,180243
1772514900000,0.0481,0.0484,0.0481,0.0484,109712
1772515800000,0.0484,0.0484,0.048,0.048,132865
1772516700000,0.048,0.0481,0.0479,0.048,82093
1772517600000,0.048,0.0482,0.048,0.0481,76359
1772518500000,0.0481,0.0481,0.0479,0.048,164895
1772519400000,0.048,0.048,0.048,0.048,191273
1772520300000,0.048,0.0481,0.0479,0.0481,96404
1772521200000,0.0481,0.0482,0.048,0.0482,125943
1772522100000,0.0482,0.0483,0.0481,0.0481,177059
1772523000000,0.0481,0.0482,0.048,0.048,278927
1772523900000,0.048,0.048,0.048,0.048,102339
1772524800000,0.048,0.048,0.0477,0.0477,51173
1772525700000,0.0477,0.0478,0.0474,0.0475,318297
1772526600000,0.0475,0.0475,0.0471,0.0472,545383
1772527500000,0.0472,0.0472,0.047,0.047,261995
1772528400000,0.047,0.0473,0.047,0.0473,303359
1772529300000,0.0473,0.0474,0.0469,0.0469,1189168
1772530200000,0.0469,0.047,0.0467,0.0468,488806
1772531100000,0.0468,0.0468,0.0466,0.0467,100629
1772532000000,0.0467,0.0467,0.0465,0.0465,171717
1772532900000,0.0465,0.0468,0.0465,0.0467,365921
1772533800000,0.0467,0.0468,0.0467,0.0468,78852
1772534700000,0.0468,0.047,0.0468,0.0469,104238
1772535600000,0.0469,0.0469,0.0466,0.0466,259046
1772536500000,0.0466,0.0466,0.0464,0.0465,90133
1772537400000,0.0465,0.0467,0.0464,0.0466,194554
1772538300000,0.0466,0.0467,0.0465,0.0467,33600
1772539200000,0.0467,0.0476,0.0467,0.0474,239289
1772540100000,0.0474,0.0474,0.0471,0.0472,142084
1772541000000,0.0472,0.0472,0.0471,0.0471,94386
1772541900000,0.0471,0.0471,0.047,0.0471,93999
1772542800000,0.0471,0.0471,0.0469,0.047,123411
1772543700000,0.047,0.0471,0.047,0.0471,45896
1772544600000,0.0471,0.0471,0.0468,0.0468,528281
1772545500000,0.0468,0.0471,0.0467,0.047,179274
1772546400000,0.047,0.0472,0.0469,0.0471,149528
1772547300000,0.0471,0.0473,0.047,0.0471,442288
1772548200000,0.0471,0.0475,0.0469,0.0469,816083
1772549100000,0.0469,0.0472,0.0466,0.0471,499332
1772550000000,0.0471,0.0472,0.0469,0.0472,396105
1772550900000,0.0472,0.0473,0.047,0.0472,59155
1772551800000,0.0472,0.0481,0.0472,0.048,275738
1772552700000,0.048,0.048,0.0478,0.0479,40170
1772553600000,0.0479,0.0484,0.0476,0.0483,145637
1772554500000,0.0483,0.049,0.0482,0.0489,148501
1772555400000,0.0489,0.0489,0.0477,0.0477,102111
1772556300000,0.0477,0.0488,0.0477,0.0485,91171
1772557200000,0.0485,0.0485,0.0479,0.048,174626
1772558100000,0.048,0.0483,0.048,0.0483,32461
1772559000000,0.0483,0.0483,0.048,0.0483,41514
1772559900000,0.0483,0.0486,0.0482,0.0484,86818
1772560800000,0.0484,0.0484,0.0482,0.0482,93108
1772561700000,0.0482,0.0488,0.0482,0.0488,29328
1772562600000,0.0488,0.0491,0.0487,0.0488,190996
1772563500000,0.0488,0.0489,0.0486,0.0487,42384
1772564400000,0.0487,0.0487,0.0482,0.0482,16575
1772565300000,0.0482,0.0484,0.0481,0.0482,44600
1772566200000,0.0482,0.0484,0.048,0.0484,209885
1772567100000,0.0484,0.0484,0.0482,0.0482,188457
1772568000000,0.0482,0.0482,0.0482,0.0482,52912
1772568900000,0.0482,0.0483,0.0482,0.0483,14641
1772569800000,0.0483,0.0484,0.0482,0.0483,12783
1772570700000,0.0483,0.0483,0.0479,0.048,43414
1772571600000,0.048,0.048,0.0478,0.0479,27555
1772572500000,0.0479,0.0479,0.0478,0.0478,26172
1772573400000,0.0478,0.048,0.0478,0.048,12225
1772574300000,0.048,0.048,0.0479,0.048,5635
1772575200000,0.048,0.0485,0.048,0.0484,63743
1772576100000,0.0484,0.0484,0.0484,0.0484,6213
1772577000000,0.0484,0.0484,0.0484,0.0484,0
1772577900000,0.0484,0.0486,0.0484,0.0485,37160
1772578800000,0.0485,0.049,0.0484,0.0488,52227
1772579700000,0.0488,0.0488,0.0486,0.0487,29979
1772580600000,0.0487,0.0487,0.0486,0.0486,14691
1772581500000,0.0486,0.0486,0.0484,0.0484,25668
1772582400000,0.0484,0.0487,0.0484,0.0486,202962
1772583300000,0.0486,0.0487,0.0486,0.0486,25647
1772584200000,0.0486,0.0486,0.0483,0.0483,58997
1772585100000,0.0483,0.0485,0.0483,0.0484,10825
1772586000000,0.0484,0.0485,0.0483,0.0483,9367
1772586900000,0.0483,0.0484,0.0483,0.0484,3202
1772587800000,0.0484,0.0487,0.0484,0.0487,1112320
1772588700000,0.0487,0.0487,0.0482,0.0484,21600
1772589600000,0.0484,0.0484,0.0482,0.0483,88835
1772590500000,0.0483,0.0483,0.0481,0.0481,36548
1772591400000,0.0481,0.0482,0.0481,0.0482,3084
1772592300000,0.0482,0.0486,0.0482,0.0485,45312
1772593200000,0.0485,0.0488,0.0483,0.0488,169033
1772594100000,0.0488,0.0488,0.0483,0.0483,102797
1772595000000,0.0483,0.0483,0.0479,0.048,193603
1772595900000,0.048,0.0481,0.048,0.0481,113059
1772596800000,0.0481,0.0484,0.0481,0.0484,15707
1772597700000,0.0484,0.0484,0.0482,0.0482,7168
1772598600000,0.0482,0.0482,0.0482,0.0482,45106
1772599500000,0.0482,0.0483,0.0482,0.0483,68896
1772600400000,0.0483,0.0484,0.0483,0.0483,15388
1772601300000,0.0483,0.0483,0.0481,0.0481,98901
1772602200000,0.0481,0.0483,0.0481,0.0483,9645
1772603100000,0.0483,0.0483,0.0482,0.0483,57065
1772604000000,0.0483,0.0483,0.048,0.0481,309884
1772604900000,0.0481,0.0481,0.048,0.0481,65882
1772605800000,0.0481,0.0486,0.0481,0.0486,49449
1772606700000,0.0486,0.0487,0.0484,0.0485,43860
1772607600000,0.0485,0.0485,0.0483,0.0484,31254
1772608500000,0.0484,0.0485,0.0484,0.0485,69018
1772609400000,0.0485,0.0486,0.0485,0.0486,11904
1772610300000,0.0486,0.049,0.0486,0.0489,144016
1772611200000,0.0489,0.049,0.0488,0.0489,37943
1772612100000,0.0489,0.0489,0.0487,0.0488,7507
1772613000000,0.0488,0.0494,0.0488,0.0493,240329
1772613900000,0.0493,0.0504,0.0493,0.0503,1080076
1772614800000,0.0503,0.0506,0.05,0.0506,216905
1772615700000,0.0506,0.051,0.0506,0.0509,44902
1772616600000,0.0509,0.0512,0.0507,0.051,719070
1772617500000,0.051,0.051,0.0504,0.0506,158390
1772618400000,0.0506,0.0508,0.0505,0.0506,211167
1772619300000,0.0506,0.0506,0.0502,0.0502,54686
1772620200000,0.0502,0.0503,0.0501,0.0503,35773
1772621100000,0.0503,0.0504,0.0502,0.0504,116868
1772622000000,0.0504,0.0507,0.0504,0.0507,346862
1772622900000,0.0507,0.0507,0.0505,0.0505,168936
1772623800000,0.0505,0.0508,0.0502,0.0506,72621
1772624700000,0.0506,0.0509,0.0506,0.0509,53910
1772625600000,0.0509,0.0509,0.0504,0.0504,155393
1772626500000,0.0504,0.0504,0.0498,0.0499,75665
1772627400000,0.0499,0.0499,0.0497,0.0499,219057
1772628300000,0.0499,0.0501,0.0498,0.0501,105302
1772629200000,0.0501,0.0506,0.0501,0.0504,41535
1772630100000,0.0504,0.0505,0.0504,0.0505,9620
1772631000000,0.0505,0.0505,0.0504,0.0505,133518
1772631900000,0.0505,0.0506,0.0505,0.0506,100712
1772632800000,0.0506,0.0507,0.0505,0.0506,161666
1772633700000,0.0506,0.0506,0.0505,0.0506,95995
1772634600000,0.0506,0.0515,0.0506,0.0506,344485
1772635500000,0.0506,0.0508,0.0505,0.0507,299700
1772636400000,0.0507,0.0513,0.0507,0.051,1137282
1772637300000,0.051,0.0518,0.051,0.0518,667462
1772638200000,0.0518,0.052,0.0514,0.0515,630433
1772639100000,0.0515,0.0521,0.0513,0.0521,796945
1772640000000,0.0521,0.0521,0.0514,0.0514,385482
1772640900000,0.0514,0.0516,0.0514,0.0516,46671
1772641800000,0.0516,0.0523,0.0513,0.0515,4153946
1772642700000,0.0515,0.0516,0.0515,0.0516,132642
1772643600000,0.0516,0.0516,0.0513,0.0514,81241
1772644500000,0.0514,0.0514,0.0508,0.0509,191623
1772645400000,0.0509,0.0513,0.0509,0.0513,116271
1772646300000,0.0513,0.0514,0.0512,0.0513,107320
1772647200000,0.0513,0.0514,0.051,0.051,34650
1772648100000,0.051,0.0512,0.0509,0.0512,12442
1772649000000,0.0512,0.0512,0.0508,0.0511,111917
1772649900000,0.0511,0.0513,0.0511,0.0512,70409
1772650800000,0.0512,0.0515,0.0512,0.0515,245246
1772651700000,0.0515,0.0518,0.0513,0.0514,398018
1772652600000,0.0514,0.0515,0.0512,0.0515,3754
1772653500000,0.0515,0.0516,0.0514,0.0514,3557
1772654400000,0.0514,0.0514,0.0512,0.0514,38110
1772655300000,0.0514,0.0514,0.0512,0.0512,27350
1772656200000,0.0512,0.0513,0.0512,0.0513,9138
1772657100000,0.0513,0.0513,0.051,0.051,14731
1772658000000,0.051,0.051,0.0509,0.0509,70099
1772658900000,0.0509,0.051,0.0509,0.051,2744
1772659800000,0.051,0.051,0.0507,0.0509,13629
1772660700000,0.0509,0.0509,0.0509,0.0509,98156
1772661600000,0.0509,0.0512,0.0509,0.0511,33386
1772662500000,0.0511,0.0511,0.0511,0.0511,0
1772663400000,0.0511,0.0511,0.051,0.051,4892
1772664300000,0.051,0.051,0.0503,0.0505,690327
1772665200000,0.0505,0.0507,0.0505,0.0506,20933
1772666100000,0.0506,0.0506,0.05,0.0503,282172
1772667000000,0.0503,0.0505,0.0502,0.0505,51490
1772667900000,0.0505,0.0506,0.0505,0.0505,27248
1772668800000,0.0505,0.0505,0.0503,0.0503,60016
1772669700000,0.0503,0.0504,0.0502,0.0502,60004
1772670600000,0.0502,0.0504,0.0502,0.0504,68253
1772671500000,0.0504,0.0505,0.0503,0.0504,79923
1772672400000,0.0504,0.0507,0.0503,0.0506,219451
1772673300000,0.0506,0.0506,0.0504,0.0505,160755
1772674200000,0.0505,0.0505,0.0502,0.0502,39696
1772675100000,0.0502,0.0502,0.0499,0.0499,114580
1772676000000,0.0499,0.0505,0.0499,0.0504,449685
1772676900000,0.0504,0.0504,0.0503,0.0503,36148
1772677800000,0.0503,0.0503,0.05,0.05,75597
1772678700000,0.05,0.0502,0.05,0.0502,47593
1772679600000,0.0502,0.0504,0.0502,0.0503,19134
1772680500000,0.0503,0.0503,0.0501,0.0501,15711
1772681400000,0.0501,0.0502,0.0501,0.0501,18067
1772682300000,0.0501,0.0502,0.0501,0.0502,21499
1772683200000,0.0502,0.0504,0.0502,0.0504,218330
1772684100000,0.0504,0.0504,0.0502,0.0503,113349
1772685000000,0.0503,0.0504,0.0503,0.0504,54746
1772685900000,0.0504,0.0505,0.0504,0.0505,293757
1772686800000,0.0505,0.0505,0.0505,0.0505,0
1772687700000,0.0505,0.0505,0.0502,0.0502,144863
1772688600000,0.0502,0.0502,0.0501,0.0501,20723
1772689500000,0.0501,0.0502,0.0501,0.0502,13766
1772690400000,0.0502,0.0503,0.05,0.05,84508
1772691300000,0.05,0.0502,0.05,0.0502,22016
1772692200000,0.0502,0.0502,0.0501,0.0501,10660
1772693100000,0.0501,0.0504,0.0501,0.0503,50947
1772694000000,0.0503,0.0504,0.0503,0.0503,6259
1772694900000,0.0503,0.0505,0.0503,0.0504,7903
1772695800000,0.0504,0.0504,0.0502,0.0502,25245
1772696700000,0.0502,0.0502,0.0497,0.0499,170202
1772697600000,0.0499,0.05,0.0498,0.0498,97127
1772698500000,0.0498,0.0499,0.0497,0.0497,762608
1772699400000,0.0497,0.05,0.0497,0.0499,128960
1772700300000,0.0499,0.05,0.0499,0.0499,16904
1772701200000,0.0499,0.0503,0.0499,0.0502,21212
1772702100000,0.0502,0.0503,0.0502,0.0503,58310
1772703000000,0.0503,0.0504,0.0502,0.0503,26494
1772703900000,0.0503,0.0503,0.0503,0.0503,0
1772704800000,0.0503,0.0505,0.0503,0.0504,13452
1772705700000,0.0504,0.0506,0.0503,0.0506,60840
1772706600000,0.0506,0.0507,0.0506,0.0506,66236
1772707500000,0.0506,0.0508,0.0506,0.0508,22027
1772708400000,0.0508,0.0508,0.0506,0.0507,324108
1772709300000,0.0507,0.0507,0.0505,0.0506,60052
1772710200000,0.0506,0.0506,0.0503,0.0504,165659
1772711100000,0.0504,0.0505,0.0504,0.0505,7348
1772712000000,0.0505,0.0508,0.0505,0.0508,39101
1772712900000,0.0508,0.051,0.0507,0.051,266251
1772713800000,0.051,0.051,0.0508,0.051,33254
1772714700000,0.051,0.0512,0.051,0.0511,15019
1772715600000,0.0511,0.0511,0.0507,0.0508,81588
1772716500000,0.0508,0.0508,0.0505,0.0506,95594
1772717400000,0.0506,0.0506,0.0503,0.0503,52834
1772718300000,0.0503,0.0506,0.0503,0.0504,571430
1772719200000,0.0504,0.0504,0.0502,0.0504,14190
1772720100000,0.0504,0.0504,0.0501,0.0502,70958
1772721000000,0.0502,0.0506,0.0502,0.0503,77049
1772721900000,0.0503,0.0506,0.0501,0.0506,24847
1772722800000,0.0506,0.0506,0.0497,0.0498,301464
1772723700000,0.0498,0.0499,0.0495,0.0495,92567
1772724600000,0.0495,0.0499,0.0493,0.0497,178726
1772725500000,0.0497,0.0497,0.0495,0.0495,62706
1772726400000,0.0495,0.0495,0.0486,0.0487,507223
1772727300000,0.0487,0.0491,0.0487,0.0491,120968
1772728200000,0.0491,0.0493,0.049,0.0493,19486
1772729100000,0.0493,0.0493,0.0491,0.0491,77735
1772730000000,0.0491,0.0492,0.0487,0.0489,177761
1772730900000,0.0489,0.0489,0.0486,0.0486,45722
1772731800000,0.0486,0.0486,0.0483,0.0485,33277
1772732700000,0.0485,0.0485,0.0484,0.0485,11039
1772733600000,0.0485,0.0486,0.0484,0.0486,60530
1772734500000,0.0486,0.0488,0.0486,0.0487,77979
1772735400000,0.0487,0.0489,0.0487,0.0489,10103
1772736300000,0.0489,0.0491,0.0489,0.049,9677
1772737200000,0.049,0.0496,0.049,0.0496,106200
1772738100000,0.0496,0.0497,0.0494,0.0494,111978
1772739000000,0.0494,0.0494,0.0492,0.0494,22555
1772739900000,0.0494,0.0494,0.0492,0.0492,15743
1772740800000,0.0492,0.0495,0.0492,0.0495,59592
1772741700000,0.0495,0.0498,0.0495,0.0497,66059
1772742600000,0.0497,0.0498,0.0497,0.0497,11994
1772743500000,0.0497,0.0497,0.0496,0.0497,19885
1772744400000,0.0497,0.0497,0.0497,0.0497,10095
1772745300000,0.0497,0.0498,0.0497,0.0498,58661
1772746200000,0.0498,0.0498,0.0494,0.0494,59413
1772747100000,0.0494,0.0495,0.0493,0.0493,6138
1772748000000,0.0493,0.0496,0.0492,0.0492,52124
1772748900000,0.0492,0.0493,0.0492,0.0492,7437
1772749800000,0.0492,0.0493,0.0492,0.0493,3652
1772750700000,0.0493,0.0493,0.0493,0.0493,14699
1772751600000,0.0493,0.0493,0.0491,0.0491,132450
1772752500000,0.0491,0.0492,0.0491,0.0492,15343
1772753400000,0.0492,0.0492,0.049,0.0491,10477
1772754300000,0.0491,0.0491,0.0491,0.0491,32470
1772755200000,0.0491,0.0492,0.0491,0.0492,36754
1772756100000,0.0492,0.0493,0.0492,0.0493,22790
1772757000000,0.0493,0.0495,0.0493,0.0494,22074
1772757900000,0.0494,0.0494,0.0493,0.0493,16393
1772758800000,0.0493,0.0493,0.0492,0.0493,15427
1772759700000,0.0493,0.0493,0.0492,0.0492,5100
1772760600000,0.0492,0.0496,0.0492,0.0496,14825
1772761500000,0.0496,0.0497,0.0495,0.0496,19548
1772762400000,0.0496,0.0497,0.0496,0.0497,20767
1772763300000,0.0497,0.0497,0.0495,0.0496,20853
1772764200000,0.0496,0.0496,0.0496,0.0496,8317
1772765100000,0.0496,0.0497,0.0496,0.0497,19624
1772766000000,0.0497,0.0498,0.0496,0.0496,30407
1772766900000,0.0496,0.0499,0.0496,0.0499,23514
1772767800000,0.0499,0.0499,0.0498,0.0498,10891
1772768700000,0.0498,0.0499,0.0498,0.0499,40603
1772769600000,0.0499,0.05,0.0499,0.05,2752
1772770500000,0.05,0.05,0.0498,0.0498,14388
1772771400000,0.0498,0.0498,0.0495,0.0495,83130
1772772300000,0.0495,0.0496,0.0495,0.0495,19803
1772773200000,0.0495,0.0496,0.0495,0.0495,3043
1772774100000,0.0495,0.0495,0.0492,0.0492,82549
1772775000000,0.0492,0.0493,0.049,0.049,97940
1772775900000,0.049,0.0493,0.049,0.0493,117224
1772776800000,0.0493,0.0495,0.0493,0.0493,7257
1772777700000,0.0493,0.0494,0.0493,0.0493,11939
1772778600000,0.0493,0.0495,0.0493,0.0495,17054
1772779500000,0.0495,0.0495,0.0494,0.0495,14208
1772780400000,0.0495,0.0496,0.0495,0.0495,29859
1772781300000,0.0495,0.0497,0.0494,0.0497,116534
1772782200000,0.0497,0.0497,0.0496,0.0497,13206
1772783100000,0.0497,0.0498,0.0497,0.0497,12426
1772784000000,0.0497,0.0497,0.0496,0.0496,29461
1772784900000,0.0496,0.0496,0.0496,0.0496,2770
1772785800000,0.0496,0.0496,0.0494,0.0494,70432
1772786700000,0.0494,0.0494,0.0493,0.0493,16428
1772787600000,0.0493,0.0493,0.0489,0.0489,56739
1772788500000,0.0489,0.049,0.0488,0.0488,74044
1772789400000,0.0488,0.0489,0.0488,0.0488,27934
1772790300000,0.0488,0.0491,0.0488,0.0491,99538
1772791200000,0.0491,0.0493,0.0491,0.0493,39773
1772792100000,0.0493,0.0493,0.0493,0.0493,3542
1772793000000,0.0493,0.0493,0.0492,0.0492,19599
1772793900000,0.0492,0.0492,0.0491,0.0492,2911
1772794800000,0.0492,0.0492,0.0489,0.0489,158255
1772795700000,0.0489,0.0489,0.0489,0.0489,3347
1772796600000,0.0489,0.0489,0.0487,0.0487,21842
1772797500000,0.0487,0.0487,0.0486,0.0487,8381
1772798400000,0.0487,0.0487,0.0482,0.0484,146154
1772799300000,0.0484,0.0486,0.0484,0.0486,124549
1772800200000,0.0486,0.0486,0.0483,0.0483,35872
1772801100000,0.0483,0.0485,0.0483,0.0485,4918
1772802000000,0.0485,0.0485,0.0485,0.0485,9450
1772802900000,0.0485,0.0487,0.0485,0.0487,91811
1772803800000,0.0487,0.049,0.0483,0.0488,3473594
1772804700000,0.0488,0.0488,0.0478,0.0481,996552
1772805600000,0.0481,0.0483,0.0477,0.0477,406653
1772806500000,0.0477,0.0479,0.0477,0.0477,31628
1772807400000,0.0477,0.0478,0.0471,0.0475,348921
1772808300000,0.0475,0.0475,0.047,0.0472,20326
1772809200000,0.0472,0.0473,0.0472,0.0473,63389
1772810100000,0.0473,0.0475,0.0473,0.0473,195713
1772811000000,0.0473,0.0476,0.0473,0.0474,46630
1772811900000,0.0474,0.0474,0.047,0.0473,87731
1772812800000,0.0473,0.0474,0.0471,0.0471,25053
1772813700000,0.0471,0.0472,0.0471,0.0472,16959
1772814600000,0.0472,0.0473,0.0472,0.0473,45814
1772815500000,0.0473,0.0473,0.0471,0.0471,3201
1772816400000,0.0471,0.0472,0.0471,0.0471,11263
1772817300000,0.0471,0.0472,0.047,0.047,271137
1772818200000,0.047,0.047,0.0467,0.0468,65001
1772819100000,0.0468,0.0472,0.0468,0.047,22121
1772820000000,0.047,0.0473,0.047,0.0473,7796
1772820900000,0.0473,0.0473,0.0473,0.0473,10048
1772821800000,0.0473,0.0474,0.0473,0.0474,5190
1772822700000,0.0474,0.0475,0.0474,0.0475,60530
1772823600000,0.0475,0.0476,0.0475,0.0476,38955
1772824500000,0.0476,0.0476,0.0475,0.0475,13449
1772825400000,0.0475,0.0475,0.0474,0.0475,9128
1772826300000,0.0475,0.0475,0.0473,0.0473,9782
1772827200000,0.0473,0.0474,0.0473,0.0473,8370
1772828100000,0.0473,0.0474,0.0473,0.0474,9128
1772829000000,0.0474,0.0474,0.0473,0.0473,2734
1772829900000,0.0473,0.0476,0.0473,0.0475,10822
1772830800000,0.0475,0.0475,0.0474,0.0474,18306
1772831700000,0.0474,0.0474,0.0473,0.0473,12514
1772832600000,0.0473,0.0473,0.0473,0.0473,5181
1772833500000,0.0473,0.0475,0.0473,0.0475,5132
1772834400000,0.0475,0.0475,0.0475,0.0475,16215
1772835300000,0.0475,0.0475,0.0475,0.0475,56126
1772836200000,0.0475,0.0476,0.0475,0.0475,5904
1772837100000,0.0475,0.0476,0.0475,0.0476,2076
1772838000000,0.0476,0.0476,0.0476,0.0476,2100
1772838900000,0.0476,0.0477,0.0476,0.0477,2835
1772839800000,0.0477,0.0477,0.0477,0.0477,0
1772840700000,0.0477,0.0477,0.0475,0.0475,1982
1772841600000,0.0475,0.0475,0.0475,0.0475,17072
1772842500000,0.0475,0.0475,0.0475,0.0475,0
1772843400000,0.0475,0.0476,0.0475,0.0476,2100
1772844300000,0.0476,0.0476,0.0475,0.0475,5000
1772845200000,0.0475,0.0475,0.0475,0.0475,0
1772846100000,0.0475,0.0475,0.0471,0.0471,8209
1772847000000,0.0471,0.0472,0.0471,0.0472,17512
1772847900000,0.0472,0.0472,0.0472,0.0472,0
1772848800000,0.0472,0.0472,0.047,0.047,2673
1772849700000,0.047,0.047,0.047,0.047,118
1772850600000,0.047,0.047,0.0469,0.047,642
1772851500000,0.047,0.047,0.047,0.047,2127
1772852400000,0.047,0.047,0.047,0.047,0
1772853300000,0.047,0.047,0.047,0.047,0
1772854200000,0.047,0.0471,0.047,0.0471,2634
1772855100000,0.0471,0.0471,0.0471,0.0471,0
1772856000000,0.0471,0.0471,0.0468,0.0469,20448
1772856900000,0.0469,0.0469,0.0468,0.0468,308
1772857800000,0.0468,0.0474,0.0468,0.0474,12001
1772858700000,0.0474,0.0474,0.0474,0.0474,0
1772859600000,0.0474,0.0474,0.0472,0.0472,2000
1772860500000,0.0472,0.0472,0.0472,0.0472,0
1772861400000,0.0472,0.0472,0.0472,0.0472,0
1772862300000,0.0472,0.0472,0.0472,0.0472,67359
1772863200000,0.0472,0.0472,0.047,0.047,8735
1772864100000,0.047,0.047,0.0469,0.0469,68318
1772865000000,0.0469,0.0469,0.0468,0.0468,7413
1772865900000,0.0468,0.0468,0.0467,0.0467,10193
1772866800000,0.0467,0.0467,0.0465,0.0466,28918
1772867700000,0.0466,0.0468,0.0466,0.0468,308
1772868600000,0.0468,0.0469,0.0468,0.0469,6826
1772869500000,0.0469,0.047,0.0469,0.047,6738
1772870400000,0.047,0.0471,0.047,0.0471,6500
1772871300000,0.0471,0.0472,0.0471,0.0472,13098
1772872200000,0.0472,0.0472,0.0472,0.0472,31302
1772873100000,0.0472,0.0472,0.047,0.047,27337
1772874000000,0.047,0.047,0.0469,0.047,10679
1772874900000,0.047,0.0471,0.047,0.0471,16648
1772875800000,0.0471,0.0471,0.0471,0.0471,0
1772876700000,0.0471,0.0471,0.0471,0.0471,0
1772877600000,0.0471,0.0474,0.0471,0.0473,56603
1772878500000,0.0473,0.0473,0.0472,0.0472,2682
1772879400000,0.0472,0.0472,0.0472,0.0472,5227
1772880300000,0.0472,0.0472,0.0472,0.0472,1569
1772881200000,0.0472,0.0472,0.0471,0.0471,207
1772882100000,0.0471,0.0472,0.0471,0.0472,146
1772883000000,0.0472,0.0472,0.047,0.047,12400
1772883900000,0.047,0.047,0.047,0.047,2802
1772884800000,0.047,0.047,0.0469,0.047,10340
1772885700000,0.047,0.047,0.0469,0.047,7209
1772886600000,0.047,0.047,0.0469,0.0469,2747
1772887500000,0.0469,0.0469,0.0469,0.0469,6556
1772888400000,0.0469,0.0469,0.0469,0.0469,2762
1772889300000,0.0469,0.047,0.0469,0.047,57450
1772890200000,0.047,0.0472,0.047,0.0471,3004
1772891100000,0.0471,0.0471,0.0471,0.0471,4682
1772892000000,0.0471,0.0471,0.0467,0.0467,12134
1772892900000,0.0467,0.0467,0.0467,0.0467,6631
1772893800000,0.0467,0.0471,0.0467,0.047,26470
1772894700000,0.047,0.047,0.0469,0.0469,7043
1772895600000,0.0469,0.0469,0.0468,0.0468,8877
1772896500000,0.0468,0.0468,0.0467,0.0467,62786
1772897400000,0.0467,0.0467,0.0465,0.0465,7012
1772898300000,0.0465,0.0466,0.0465,0.0466,6904
1772899200000,0.0466,0.0466,0.0466,0.0466,5548
1772900100000,0.0466,0.0466,0.0465,0.0465,15401
1772901000000,0.0465,0.0466,0.0465,0.0466,10106
1772901900000,0.0466,0.0467,0.0466,0.0467,8268
1772902800000,0.0467,0.0468,0.0467,0.0468,24692
1772903700000,0.0468,0.047,0.0468,0.047,10085
1772904600000,0.047,0.0471,0.047,0.047,91989
1772905500000,0.047,0.047,0.047,0.047,2794
1772906400000,0.047,0.047,0.0465,0.0466,285394
1772907300000,0.0466,0.0467,0.0466,0.0467,41801
1772908200000,0.0467,0.0467,0.0467,0.0467,2916
1772909100000,0.0467,0.0467,0.0467,0.0467,3040
1772910000000,0.0467,0.0467,0.0466,0.0466,64953
1772910900000,0.0466,0.0466,0.0464,0.0464,79838
1772911800000,0.0464,0.0466,0.0464,0.0466,28132
1772912700000,0.0466,0.0466,0.0463,0.0463,25668
1772913600000,0.0463,0.0465,0.0463,0.0465,6723
1772914500000,0.0465,0.0465,0.0464,0.0464,9798
1772915400000,0.0464,0.0465,0.0464,0.0465,4154
1772916300000,0.0465,0.0465,0.0464,0.0464,4273
1772917200000,0.0464,0.0465,0.0464,0.0465,9940
1772918100000,0.0465,0.0465,0.0465,0.0465,10072
1772919000000,0.0465,0.0465,0.0464,0.0464,5469
1772919900000,0.0464,0.0464,0.0463,0.0464,5565
1772920800000,0.0464,0.0464,0.0463,0.0463,7167
1772921700000,0.0463,0.0463,0.0461,0.0461,12961
1772922600000,0.0461,0.0462,0.0458,0.0458,53202
1772923500000,0.0458,0.0461,0.0458,0.0461,2169
1772924400000,0.0461,0.0461,0.0459,0.046,18519
1772925300000,0.046,0.0462,0.046,0.0462,22430
1772926200000,0.0462,0.0462,0.0462,0.0462,14376
1772927100000,0.0462,0.0462,0.0461,0.0461,2958
1772928000000,0.0461,0.0464,0.0461,0.0463,23504
1772928900000,0.0463,0.0463,0.0462,0.0462,734
1772929800000,0.0462,0.0462,0.0461,0.0461,2716
1772930700000,0.0461,0.0461,0.046,0.046,5438
1772931600000,0.046,0.0461,0.0458,0.046,11277
1772932500000,0.046,0.046,0.046,0.046,0
1772933400000,0.046,0.046,0.0459,0.0459,18549
1772934300000,0.0459,0.0461,0.0459,0.0461,12510
1772935200000,0.0461,0.0461,0.0461,0.0461,0
1772936100000,0.0461,0.0461,0.0457,0.0457,21140
1772937000000,0.0457,0.046,0.0457,0.046,74738
1772937900000,0.046,0.046,0.0454,0.0454,326171
1772938800000,0.0454,0.0456,0.0454,0.0456,405751
1772939700000,0.0456,0.0457,0.0456,0.0457,10110
1772940600000,0.0457,0.0457,0.0455,0.0456,405363
1772941500000,0.0456,0.0456,0.0456,0.0456,3413
1772942400000,0.0456,0.0457,0.0456,0.0456,24499
1772943300000,0.0456,0.0457,0.0456,0.0456,32458
1772944200000,0.0456,0.0456,0.0456,0.0456,4310
1772945100000,0.0456,0.0456,0.0453,0.0454,19337
1772946000000,0.0454,0.0455,0.0454,0.0455,4912
1772946900000,0.0455,0.0459,0.0455,0.0458,15392
1772947800000,0.0458,0.0459,0.0458,0.0458,10523
1772948700000,0.0458,0.0458,0.0457,0.0457,14366
1772949600000,0.0457,0.0457,0.0457,0.0457,8281
1772950500000,0.0457,0.0457,0.0456,0.0456,3147
1772951400000,0.0456,0.0456,0.0456,0.0456,0
1772952300000,0.0456,0.0457,0.0456,0.0457,2729
1772953200000,0.0457,0.046,0.0457,0.046,11023
1772954100000,0.046,0.046,0.0458,0.0459,14307
1772955000000,0.0459,0.0459,0.0459,0.0459,9495
1772955900000,0.0459,0.0459,0.0459,0.0459,2556
1772956800000,0.0459,0.0459,0.0458,0.0458,15149
1772957700000,0.0458,0.0458,0.0457,0.0457,6893
1772958600000,0.0457,0.0459,0.0457,0.0459,5770
1772959500000,0.0459,0.0459,0.0459,0.0459,3009
1772960400000,0.0459,0.046,0.0459,0.046,59828
1772961300000,0.046,0.0461,0.046,0.046,6319
1772962200000,0.046,0.0461,0.046,0.0461,4942
1772963100000,0.0461,0.0461,0.0461,0.0461,10020
1772964000000,0.0461,0.0462,0.0461,0.0462,7855
1772964900000,0.0462,0.0466,0.0462,0.0466,19221
1772965800000,0.0466,0.0466,0.0464,0.0464,16420
1772966700000,0.0464,0.0465,0.0464,0.0465,64192
1772967600000,0.0465,0.0465,0.0461,0.0461,23318
1772968500000,0.0461,0.0462,0.046,0.0462,20783
1772969400000,0.0462,0.0463,0.046,0.046,10502
1772970300000,0.046,0.0462,0.046,0.0462,198202
1772971200000,0.0462,0.0462,0.0459,0.0459,199032
1772972100000,0.0459,0.0464,0.0459,0.0464,17807
1772973000000,0.0464,0.0466,0.0464,0.0465,28036
1772973900000,0.0465,0.0465,0.0463,0.0463,46094
1772974800000,0.0463,0.0464,0.0458,0.0458,106696
1772975700000,0.0458,0.0459,0.0456,0.0459,424515
1772976600000,0.0459,0.046,0.0458,0.0459,68628
1772977500000,0.0459,0.0461,0.0459,0.0461,165557
1772978400000,0.0461,0.0461,0.0459,0.046,414908
1772979300000,0.046,0.046,0.0459,0.0459,67000
1772980200000,0.0459,0.0459,0.0457,0.0457,9079
1772981100000,0.0457,0.0457,0.0457,0.0457,4081
1772982000000,0.0457,0.0459,0.0456,0.0457,6804
1772982900000,0.0457,0.0457,0.0457,0.0457,5440
1772983800000,0.0457,0.0457,0.0456,0.0456,2464
1772984700000,0.0456,0.0457,0.0455,0.0457,65192
1772985600000,0.0457,0.0457,0.0455,0.0455,3078
1772986500000,0.0455,0.0458,0.0455,0.0458,13670
1772987400000,0.0458,0.0458,0.0455,0.0455,66386
1772988300000,0.0455,0.0455,0.0454,0.0455,9445
1772989200000,0.0455,0.0459,0.0455,0.0458,112792
1772990100000,0.0458,0.0458,0.0458,0.0458,25488
1772991000000,0.0458,0.0458,0.0457,0.0457,4044
1772991900000,0.0457,0.0457,0.0456,0.0457,9298
1772992800000,0.0457,0.0459,0.0457,0.0458,266967
1772993700000,0.0458,0.0458,0.0456,0.0457,213891
1772994600000,0.0457,0.0458,0.0456,0.0456,18443
1772995500000,0.0456,0.0458,0.0456,0.0458,11261
1772996400000,0.0458,0.0463,0.0458,0.0463,22577
1772997300000,0.0463,0.0466,0.0463,0.0466,315666
1772998200000,0.0466,0.0466,0.0464,0.0466,18612
1772999100000,0.0466,0.0467,0.0465,0.0465,39928
1773000000000,0.0465,0.0465,0.0464,0.0464,13888
1773000900000,0.0464,0.0464,0.0463,0.0463,24881
1773001800000,0.0463,0.0467,0.0463,0.0466,73063
1773002700000,0.0466,0.0466,0.0464,0.0464,8657
1773003600000,0.0464,0.0464,0.0461,0.0461,9497
1773004500000,0.0461,0.0463,0.0461,0.0463,18973
1773005400000,0.0463,0.0463,0.0463,0.0463,601
1773006300000,0.0463,0.0464,0.0463,0.0464,4985
1773007200000,0.0464,0.0464,0.045,0.0455,648542
1773008100000,0.0455,0.0456,0.0452,0.0456,224157
1773009000000,0.0456,0.0459,0.0456,0.0458,149417
1773009900000,0.0458,0.0461,0.0458,0.0458,27501
1773010800000,0.0458,0.0459,0.0457,0.0457,101286
1773011700000,0.0457,0.0458,0.0456,0.0458,35592
1773012600000,0.0458,0.0458,0.0455,0.0455,11998
1773013500000,0.0455,0.0455,0.0454,0.0455,29287
1773014400000,0.0455,0.0458,0.0455,0.0458,96210
1773015300000,0.0458,0.0458,0.0455,0.0458,141741
1773016200000,0.0458,0.0463,0.0458,0.0462,31122
1773017100000,0.0462,0.0462,0.0459,0.0459,26080
1773018000000,0.0459,0.0459,0.0457,0.0458,14703
1773018900000,0.0458,0.0461,0.0458,0.046,26942
1773019800000,0.046,0.0462,0.046,0.0461,214258
1773020700000,0.0461,0.0463,0.0458,0.0459,77739
1773021600000,0.0459,0.0459,0.0458,0.0458,427
1773022500000,0.0458,0.0458,0.0456,0.0457,79899
1773023400000,0.0457,0.0463,0.0457,0.0463,20888
1773024300000,0.0463,0.0463,0.0462,0.0463,103542
1773025200000,0.0463,0.0469,0.0462,0.0469,329195
1773026100000,0.0469,0.0471,0.0464,0.0464,95279
1773027000000,0.0464,0.0464,0.0463,0.0463,20921
1773027900000,0.0463,0.0464,0.0463,0.0463,23565
1773028800000,0.0463,0.0465,0.0463,0.0464,14478
1773029700000,0.0464,0.0469,0.0464,0.0469,28579
1773030600000,0.0469,0.0469,0.0467,0.0468,18113
1773031500000,0.0468,0.0468,0.0465,0.0466,22775
1773032400000,0.0466,0.0466,0.0465,0.0465,53821
1773033300000,0.0465,0.0468,0.0465,0.0467,9482
1773034200000,0.0467,0.0474,0.0467,0.0473,212663
1773035100000,0.0473,0.0474,0.0471,0.0472,147093
1773036000000,0.0472,0.0473,0.0471,0.0471,39560
1773036900000,0.0471,0.0471,0.047,0.047,2936
1773037800000,0.047,0.047,0.0468,0.0468,22661
1773038700000,0.0468,0.0468,0.0467,0.0467,6922
1773039600000,0.0467,0.0467,0.0464,0.0465,20335
1773040500000,0.0465,0.0465,0.0461,0.0465,23055
1773041400000,0.0465,0.0467,0.0465,0.0467,5998
1773042300000,0.0467,0.0467,0.0466,0.0466,9038
1773043200000,0.0466,0.0467,0.0466,0.0467,2994
1773044100000,0.0467,0.0467,0.0465,0.0466,5108
1773045000000,0.0466,0.0468,0.0466,0.0468,125
1773045900000,0.0468,0.0468,0.0466,0.0466,3267
1773046800000,0.0466,0.0466,0.0466,0.0466,2961
1773047700000,0.0466,0.0466,0.0465,0.0466,12364
1773048600000,0.0466,0.047,0.0466,0.0469,69938
1773049500000,0.0469,0.0469,0.0466,0.0466,12055
1773050400000,0.0466,0.0466,0.0464,0.0464,10139
1773051300000,0.0464,0.0464,0.0463,0.0464,12021
1773052200000,0.0464,0.0464,0.0462,0.0462,11452
1773053100000,0.0462,0.0463,0.0462,0.0462,14277
1773054000000,0.0462,0.0462,0.0462,0.0462,2520
1773054900000,0.0462,0.0462,0.0462,0.0462,0
1773055800000,0.0462,0.0463,0.0462,0.0463,2159
1773056700000,0.0463,0.0463,0.0463,0.0463,0
1773057600000,0.0463,0.0464,0.0462,0.0462,18352
1773058500000,0.0462,0.0465,0.0462,0.0464,3004
1773059400000,0.0464,0.0467,0.0464,0.0467,172829
1773060300000,0.0467,0.0467,0.0464,0.0464,4537
1773061200000,0.0464,0.0466,0.0464,0.0466,18317
1773062100000,0.0466,0.0467,0.0465,0.0467,72315
1773063000000,0.0467,0.047,0.0467,0.047,26507
1773063900000,0.047,0.0471,0.0468,0.0469,45208
1773064800000,0.0469,0.047,0.0466,0.0467,124809
1773065700000,0.0467,0.0471,0.0467,0.0469,160433
1773066600000,0.0469,0.047,0.0469,0.0469,24998
1773067500000,0.0469,0.0469,0.0468,0.0468,22302
1773068400000,0.0468,0.0469,0.0468,0.0469,19009
1773069300000,0.0469,0.0469,0.0468,0.0468,9226
1773070200000,0.0468,0.0468,0.0465,0.0467,42973
1773071100000,0.0467,0.0469,0.0467,0.0468,32509
1773072000000,0.0468,0.0468,0.0467,0.0467,21576
1773072900000,0.0467,0.0468,0.0467,0.0468,9335
1773073800000,0.0468,0.0469,0.0467,0.0468,21614
1773074700000,0.0468,0.0469,0.0466,0.0467,15149
1773075600000,0.0467,0.0469,0.0467,0.0469,6057
1773076500000,0.0469,0.047,0.0469,0.0469,43300
1773077400000,0.0469,0.047,0.0468,0.0468,31567
1773078300000,0.0468,0.047,0.0468,0.047,6984
1773079200000,0.047,0.047,0.0467,0.0467,20893
1773080100000,0.0467,0.047,0.0467,0.0469,83402
1773081000000,0.0469,0.047,0.0469,0.0469,167339
1773081900000,0.0469,0.0469,0.0467,0.0467,58308
1773082800000,0.0467,0.0468,0.0466,0.0466,22050
1773083700000,0.0466,0.0477,0.0466,0.0477,72767
1773084600000,0.0477,0.0479,0.0471,0.0471,103362
1773085500000,0.0471,0.0471,0.047,0.0471,12166
1773086400000,0.0471,0.0472,0.0471,0.0471,19642
1773087300000,0.0471,0.0471,0.047,0.047,18780
1773088200000,0.047,0.047,0.0469,0.0469,11642
1773089100000,0.0469,0.047,0.0467,0.047,20000
1773090000000,0.047,0.0472,0.047,0.0472,17309
1773090900000,0.0472,0.0472,0.047,0.047,5448
1773091800000,0.047,0.0471,0.047,0.047,4061
1773092700000,0.047,0.0471,0.0469,0.0471,122610
1773093600000,0.0471,0.0471,0.0467,0.0469,23695
1773094500000,0.0469,0.0469,0.0469,0.0469,0
1773095400000,0.0469,0.0469,0.0466,0.0466,12440
1773096300000,0.0466,0.0466,0.0466,0.0466,10588
1773097200000,0.0466,0.0467,0.0466,0.0467,42815
1773098100000,0.0467,0.0467,0.0466,0.0466,15514
1773099000000,0.0466,0.0466,0.0466,0.0466,6381
1773099900000,0.0466,0.0466,0.0465,0.0465,8991
1773100800000,0.0465,0.0466,0.0464,0.0464,27270
1773101700000,0.0464,0.0468,0.0464,0.0468,5310
1773102600000,0.0468,0.0469,0.0468,0.0469,10110
1773103500000,0.0469,0.0469,0.0469,0.0469,9221
1773104400000,0.0469,0.047,0.0469,0.047,47287
1773105300000,0.047,0.047,0.0468,0.0468,1115
1773106200000,0.0468,0.0468,0.0466,0.0467,28864
1773107100000,0.0467,0.047,0.0467,0.0469,59036
1773108000000,0.0469,0.0469,0.0468,0.0468,33167
1773108900000,0.0468,0.047,0.0468,0.0469,18168
1773109800000,0.0469,0.0475,0.0469,0.0475,133530
1773110700000,0.0475,0.0476,0.0473,0.0473,28815
1773111600000,0.0473,0.0473,0.0472,0.0472,6110
1773112500000,0.0472,0.0474,0.0472,0.0473,57197
1773113400000,0.0473,0.0474,0.0473,0.0473,30835
1773114300000,0.0473,0.0473,0.047,0.0471,9513
1773115200000,0.0471,0.0473,0.0471,0.0473,20704
1773116100000,0.0473,0.0474,0.0472,0.0474,11649
1773117000000,0.0474,0.0475,0.0474,0.0475,15754
1773117900000,0.0475,0.0475,0.0474,0.0475,64817
1773118800000,0.0475,0.0476,0.0474,0.0475,68790
1773119700000,0.0475,0.0475,0.0474,0.0474,33606
1773120600000,0.0474,0.0474,0.0472,0.0472,34804
1773121500000,0.0472,0.0472,0.0472,0.0472,19465
1773122400000,0.0472,0.0472,0.0471,0.0471,5933
1773123300000,0.0471,0.0471,0.047,0.0471,46933
1773124200000,0.0471,0.0471,0.047,0.0471,39499
1773125100000,0.0471,0.0473,0.0471,0.0473,1040090
1773126000000,0.0473,0.0474,0.0472,0.0474,201759
1773126900000,0.0474,0.0475,0.0472,0.0474,38890
1773127800000,0.0474,0.0474,0.0474,0.0474,0
1773128700000,0.0474,0.0474,0.0473,0.0473,26103
1773129600000,0.0473,0.0475,0.0473,0.0475,87100
1773130500000,0.0475,0.0475,0.0473,0.0473,105043
1773131400000,0.0473,0.0475,0.0473,0.0474,124188
1773132300000,0.0474,0.0474,0.0473,0.0473,57936
1773133200000,0.0473,0.0474,0.0473,0.0474,12009
1773134100000,0.0474,0.0481,0.0474,0.048,83914
1773135000000,0.048,0.0481,0.0479,0.0479,176618
1773135900000,0.0479,0.0479,0.0477,0.0478,37782
1773136800000,0.0478,0.0478,0.0478,0.0478,151726
1773137700000,0.0478,0.0478,0.0476,0.0476,196024
1773138600000,0.0476,0.0476,0.0475,0.0475,157703
1773139500000,0.0475,0.0478,0.0475,0.0477,193454
1773140400000,0.0477,0.0477,0.0475,0.0476,119259
1773141300000,0.0476,0.0476,0.0476,0.0476,65678
1773142200000,0.0476,0.0476,0.0475,0.0475,27954
1773143100000,0.0475,0.0475,0.0475,0.0475,10605
1773144000000,0.0475,0.0475,0.0473,0.0473,92918
1773144900000,0.0473,0.0473,0.0473,0.0473,5652
1773145800000,0.0473,0.0473,0.0471,0.0473,10423
1773146700000,0.0473,0.0473,0.0473,0.0473,3059
1773147600000,0.0473,0.0475,0.0473,0.0475,16482
1773148500000,0.0475,0.0475,0.0473,0.0474,6534
1773149400000,0.0474,0.0474,0.0468,0.0469,51393
1773150300000,0.0469,0.0471,0.0469,0.047,9612
1773151200000,0.047,0.0471,0.0467,0.0467,19969
1773152100000,0.0467,0.047,0.0466,0.0469,33913
1773153000000,0.0469,0.0472,0.0469,0.0472,21237
1773153900000,0.0472,0.048,0.0472,0.048,25485
1773154800000,0.048,0.048,0.0475,0.0475,60177
1773155700000,0.0475,0.0475,0.0473,0.0475,38173
1773156600000,0.0475,0.0476,0.0473,0.0474,198681
1773157500000,0.0474,0.0474,0.0474,0.0474,10197
1773158400000,0.0474,0.0476,0.0473,0.0473,49726
1773159300000,0.0473,0.0477,0.0473,0.0477,21793
1773160200000,0.0477,0.0477,0.0476,0.0476,5985
1773161100000,0.0476,0.0477,0.0476,0.0477,200
1773162000000,0.0477,0.0479,0.0476,0.0476,435112
1773162900000,0.0476,0.0476,0.0472,0.0472,28934
1773163800000,0.0472,0.0472,0.047,0.0471,32494
1773164700000,0.0471,0.0474,0.0471,0.0473,9317
1773165600000,0.0473,0.0473,0.0468,0.0468,31686
1773166500000,0.0468,0.0468,0.0466,0.0467,170370
1773167400000,0.0467,0.0468,0.0464,0.0465,55784
1773168300000,0.0465,0.0465,0.0462,0.0463,76488
1773169200000,0.0463,0.0464,0.0463,0.0463,17835
1773170100000,0.0463,0.0464,0.0462,0.0462,18149
1773171000000,0.0462,0.0463,0.0461,0.0462,14178
1773171900000,0.0462,0.0463,0.0462,0.0462,6832
1773172800000,0.0462,0.0464,0.0462,0.0463,7941
1773173700000,0.0463,0.0464,0.0463,0.0464,71609
1773174600000,0.0464,0.0465,0.0464,0.0465,20630
1773175500000,0.0465,0.0465,0.0464,0.0464,6976
1773176400000,0.0464,0.0465,0.0464,0.0464,20800
1773177300000,0.0464,0.0464,0.0464,0.0464,7877
1773178200000,0.0464,0.0464,0.0461,0.0461,2355
1773179100000,0.0461,0.0461,0.0459,0.0459,9583
1773180000000,0.0459,0.046,0.0458,0.0458,25273
1773180900000,0.0458,0.0461,0.0458,0.0461,6268
1773181800000,0.0461,0.0461,0.046,0.0461,14025
1773182700000,0.0461,0.0462,0.0461,0.0461,11406
1773183600000,0.0461,0.0462,0.0461,0.0462,16889
1773184500000,0.0462,0.0462,0.0461,0.0461,6521
1773185400000,0.0461,0.0462,0.0461,0.0462,8166
1773186300000,0.0462,0.0462,0.0462,0.0462,5731
1773187200000,0.0462,0.0462,0.0461,0.0462,81895
1773188100000,0.0462,0.0463,0.0462,0.0463,3031
1773189000000,0.0463,0.0463,0.0461,0.0461,19706
1773189900000,0.0461,0.0462,0.046,0.046,42905
1773190800000,0.046,0.0462,0.046,0.0461,72606
1773191700000,0.0461,0.0461,0.046,0.0461,9731
1773192600000,0.0461,0.0461,0.046,0.046,18403
1773193500000,0.046,0.046,0.0459,0.0459,11733
1773194400000,0.0459,0.0459,0.0459,0.0459,7841
1773195300000,0.0459,0.0459,0.0459,0.0459,2596
1773196200000,0.0459,0.0459,0.0457,0.0458,9959
1773197100000,0.0458,0.0459,0.0457,0.0459,21545
1773198000000,0.0459,0.046,0.0458,0.0459,21025
1773198900000,0.0459,0.0459,0.0458,0.0459,9177
1773199800000,0.0459,0.0459,0.0459,0.0459,0
1773200700000,0.0459,0.046,0.0459,0.046,3487
1773201600000,0.046,0.046,0.0458,0.0458,26931
1773202500000,0.0458,0.0461,0.0458,0.0461,2607
1773203400000,0.0461,0.0462,0.046,0.046,5181
1773204300000,0.046,0.0462,0.046,0.0462,5490
1773205200000,0.0462,0.0462,0.0461,0.0461,263
1773206100000,0.0461,0.0461,0.0459,0.0459,9663
1773207000000,0.0459,0.0459,0.0452,0.0453,119872
1773207900000,0.0453,0.0455,0.0453,0.0455,5700
1773208800000,0.0455,0.0455,0.0453,0.0455,215923
1773209700000,0.0455,0.0458,0.0455,0.0457,54885
1773210600000,0.0457,0.0458,0.0457,0.0457,11520
1773211500000,0.0457,0.0458,0.0457,0.0458,5231
1773212400000,0.0458,0.0458,0.0457,0.0457,4371
1773213300000,0.0457,0.0457,0.0456,0.0456,11045
1773214200000,0.0456,0.0456,0.0454,0.0454,7546
1773215100000,0.0454,0.0454,0.0454,0.0454,0
1773216000000,0.0454,0.0455,0.0454,0.0455,13716
1773216900000,0.0455,0.0455,0.0455,0.0455,3404
1773217800000,0.0455,0.0456,0.0454,0.0456,67766
1773218700000,0.0456,0.0456,0.0455,0.0455,2619
1773219600000,0.0455,0.0455,0.0455,0.0455,5234
1773220500000,0.0455,0.0455,0.0455,0.0455,0
1773221400000,0.0455,0.0456,0.0454,0.0455,14334
1773222300000,0.0455,0.0455,0.0454,0.0454,8312
1773223200000,0.0454,0.0455,0.0454,0.0455,11556
1773224100000,0.0455,0.0456,0.0455,0.0456,8347
1773225000000,0.0456,0.0458,0.0456,0.0458,19711
1773225900000,0.0458,0.0458,0.0457,0.0457,9691
1773226800000,0.0457,0.046,0.0457,0.0459,74960
1773227700000,0.0459,0.0461,0.0459,0.0459,32518
1773228600000,0.0459,0.0459,0.0459,0.0459,12746
1773229500000,0.0459,0.046,0.0457,0.0458,149821
1773230400000,0.0458,0.0458,0.0456,0.0458,92901
1773231300000,0.0458,0.0463,0.0458,0.0463,13250
1773232200000,0.0463,0.0467,0.0463,0.0463,1163240
1773233100000,0.0463,0.0463,0.0462,0.0463,81422
1773234000000,0.0463,0.0468,0.0463,0.0468,24906
1773234900000,0.0468,0.047,0.0468,0.0468,286999
1773235800000,0.0468,0.0473,0.0468,0.0468,122541
1773236700000,0.0468,0.0468,0.0463,0.0466,60126
1773237600000,0.0466,0.0469,0.0464,0.0466,47475
1773238500000,0.0466,0.0468,0.0465,0.0465,24656
1773239400000,0.0465,0.0467,0.0465,0.0466,85256
1773240300000,0.0466,0.0467,0.0465,0.0465,69159
1773241200000,0.0465,0.0466,0.046,0.046,187959
1773242100000,0.046,0.0463,0.046,0.0463,7975
1773243000000,0.0463,0.0464,0.0457,0.0463,45507
1773243900000,0.0463,0.0463,0.0461,0.0462,16550
1773244800000,0.0462,0.0463,0.0461,0.0463,78202
1773245700000,0.0463,0.0463,0.0461,0.0461,8662
1773246600000,0.0461,0.0464,0.0461,0.0464,518184
1773247500000,0.0464,0.0464,0.0462,0.0464,65414
1773248400000,0.0464,0.0466,0.0464,0.0466,2106
1773249300000,0.0466,0.0467,0.0465,0.0466,64367
1773250200000,0.0466,0.0467,0.0461,0.0463,32760
1773251100000,0.0463,0.0464,0.0463,0.0463,15422
1773252000000,0.0463,0.0465,0.0463,0.0465,11093
1773252900000,0.0465,0.0466,0.0465,0.0465,9470
1773253800000,0.0465,0.0465,0.0464,0.0464,13247
1773254700000,0.0464,0.0468,0.0464,0.0467,103407
1773255600000,0.0467,0.0467,0.0465,0.0466,6246
1773256500000,0.0466,0.0468,0.0465,0.0467,8002
1773257400000,0.0467,0.0468,0.0466,0.0466,11656
1773258300000,0.0466,0.0467,0.0465,0.0466,18047
1773259200000,0.0466,0.0467,0.0465,0.0467,11278
1773260100000,0.0467,0.0467,0.0466,0.0466,16377
1773261000000,0.0466,0.0466,0.0465,0.0466,12689
1773261900000,0.0466,0.0467,0.0465,0.0467,8009
1773262800000,0.0467,0.0467,0.0466,0.0467,11709
1773263700000,0.0467,0.0467,0.0466,0.0467,4139
1773264600000,0.0467,0.0468,0.0467,0.0468,60749
1773265500000,0.0468,0.0469,0.0468,0.0469,624
1773266400000,0.0469,0.0472,0.0469,0.0471,6935
1773267300000,0.0471,0.0471,0.0468,0.0468,66209
1773268200000,0.0468,0.0468,0.0467,0.0468,23127
1773269100000,0.0468,0.0469,0.0468,0.0469,62285
1773270000000,0.0469,0.047,0.0469,0.0469,29625
1773270900000,0.0469,0.047,0.0468,0.047,25105
1773271800000,0.047,0.047,0.0469,0.0469,23023
1773272700000,0.0469,0.0469,0.0467,0.0467,17388
1773273600000,0.0467,0.0469,0.0467,0.0468,82102
1773274500000,0.0468,0.0469,0.0467,0.0469,25851
1773275400000,0.0469,0.0471,0.0468,0.0471,24061
1773276300000,0.0471,0.0471,0.047,0.047,15224
1773277200000,0.047,0.0471,0.0466,0.0466,126109
1773278100000,0.0466,0.0467,0.0466,0.0467,325
1773279000000,0.0467,0.0467,0.0465,0.0465,4759
1773279900000,0.0465,0.0465,0.0465,0.0465,0
1773280800000,0.0465,0.0466,0.0465,0.0466,57577
1773281700000,0.0466,0.0466,0.0463,0.0463,139914
1773282600000,0.0463,0.0463,0.0461,0.0461,11722
1773283500000,0.0461,0.0463,0.046,0.0461,53091
1773284400000,0.0461,0.0461,0.0461,0.0461,4049
1773285300000,0.0461,0.0461,0.0461,0.0461,3557
1773286200000,0.0461,0.0464,0.0461,0.0463,15705
1773287100000,0.0463,0.0463,0.0461,0.0461,2876
1773288000000,0.0461,0.0463,0.0461,0.0463,17304
1773288900000,0.0463,0.0463,0.0461,0.0461,3479
1773289800000,0.0461,0.0462,0.0461,0.0462,2731
1773290700000,0.0462,0.0462,0.0461,0.0461,38097
1773291600000,0.0461,0.0462,0.046,0.046,20695
1773292500000,0.046,0.046,0.0458,0.046,94997
1773293400000,0.046,0.046,0.0459,0.0459,13597
1773294300000,0.0459,0.046,0.0459,0.046,2605
1773295200000,0.046,0.046,0.0459,0.046,69526
1773296100000,0.046,0.046,0.0459,0.046,48180
1773297000000,0.046,0.046,0.046,0.046,13165
1773297900000,0.046,0.046,0.046,0.046,6525
1773298800000,0.046,0.046,0.046,0.046,992
1773299700000,0.046,0.0461,0.046,0.0461,14861
1773300600000,0.0461,0.0462,0.0461,0.0462,124478
1773301500000,0.0462,0.0463,0.0462,0.0462,25269
1773302400000,0.0462,0.0462,0.0462,0.0462,4457
1773303300000,0.0462,0.0464,0.0462,0.0463,4119
1773304200000,0.0463,0.04631,0.0463,0.04631,746
1773305100000,0.04631,0.04632,0.04631,0.04632,250
1773306000000,0.04632,0.04655,0.04632,0.04655,535
1773306900000,0.04655,0.04655,0.04626,0.04626,6553
1773307800000,0.04626,0.0467,0.04626,0.0467,19891
1773308700000,0.0467,0.04679,0.04654,0.0466,4244
1773309600000,0.0466,0.04673,0.04656,0.0466,47357
1773310500000,0.0466,0.0467,0.0466,0.0467,1058
1773311400000,0.0467,0.04705,0.0467,0.04703,98954
1773312300000,0.04703,0.04704,0.04698,0.04704,6634
1773313200000,0.04704,0.04704,0.04678,0.04678,8485
1773314100000,0.04678,0.04687,0.04668,0.04668,24580
1773315000000,0.04668,0.04668,0.04654,0.04654,49987
1773315900000,0.04654,0.04659,0.04625,0.0464,469524
1773316800000,0.0464,0.04653,0.04625,0.04653,116975
1773317700000,0.04653,0.04661,0.04646,0.04657,281056
1773318600000,0.04657,0.04657,0.04642,0.04655,19908
1773319500000,0.04655,0.04665,0.04646,0.04654,56221
1773320400000,0.04654,0.04667,0.0465,0.04665,172875
1773321300000,0.04665,0.04665,0.04632,0.04651,36456
1773322200000,0.04651,0.04691,0.04642,0.04659,589275
1773323100000,0.04659,0.04659,0.04626,0.04635,110048
1773324000000,0.04635,0.04673,0.04635,0.04656,39692
1773324900000,0.04656,0.04676,0.04601,0.04604,486321
1773325800000,0.04604,0.04607,0.04573,0.04591,76931
1773326700000,0.04591,0.04612,0.04582,0.04609,36697
1773327600000,0.04609,0.04635,0.04605,0.0463,49816
1773328500000,0.0463,0.04663,0.04616,0.0465,139696
1773329400000,0.0465,0.04658,0.04634,0.04645,26384
1773330300000,0.04645,0.04654,0.04637,0.0464,38066
1773331200000,0.0464,0.04645,0.0461,0.04631,8056
1773332100000,0.04631,0.04671,0.04631,0.04648,43907
1773333000000,0.04648,0.04679,0.04645,0.04675,7198
1773333900000,0.04675,0.04675,0.04661,0.04663,9835
1773334800000,0.04663,0.04669,0.04648,0.04669,25388
1773335700000,0.04669,0.04669,0.0464,0.04648,13421
1773336600000,0.04648,0.04689,0.04648,0.04675,23162
1773337500000,0.04675,0.04684,0.04653,0.04663,31192
1773338400000,0.04663,0.0468,0.04655,0.04668,95972
1773339300000,0.04668,0.04671,0.04651,0.04669,20160
1773340200000,0.04669,0.04674,0.04659,0.04659,10893
1773341100000,0.04659,0.04669,0.04659,0.04662,4434
1773342000000,0.04662,0.04672,0.0466,0.04672,27694
1773342900000,0.04672,0.0472,0.0467,0.04718,68356
1773343800000,0.04718,0.04725,0.04704,0.0471,36605
1773344700000,0.0471,0.04723,0.0471,0.04711,51908
1773345600000,0.04711,0.04724,0.04703,0.04718,8688
1773346500000,0.04718,0.04718,0.04698,0.04698,1075
1773347400000,0.04698,0.04698,0.04685,0.04685,48307
1773348300000,0.04685,0.04685,0.0468,0.0468,4967
1773349200000,0.0468,0.04683,0.0468,0.0468,32254
1773350100000,0.0468,0.04692,0.0468,0.04687,60193
1773351000000,0.04687,0.04699,0.04687,0.04699,7291
1773351900000,0.04699,0.04734,0.04699,0.04734,56191
1773352800000,0.04734,0.04734,0.04713,0.04726,86222
1773353700000,0.04726,0.04726,0.04711,0.04716,99802
1773354600000,0.04716,0.04729,0.04707,0.04713,150908
1773355500000,0.04713,0.04721,0.04702,0.04717,256756
1773356400000,0.04717,0.04776,0.04717,0.04761,271527
1773357300000,0.04761,0.04761,0.04736,0.0474,70853
1773358200000,0.0474,0.04755,0.04731,0.04755,25177
1773359100000,0.04755,0.04768,0.04741,0.04746,1283170
1773360000000,0.04746,0.04763,0.0473,0.04763,97882
1773360900000,0.04763,0.0488,0.04763,0.04845,692353
1773361800000,0.04845,0.04883,0.04833,0.04833,95139
1773362700000,0.04833,0.04833,0.048,0.04809,67898
1773363600000,0.04809,0.04881,0.04809,0.04876,42979
1773364500000,0.04876,0.04876,0.04847,0.0486,33660
1773365400000,0.0486,0.0488,0.04841,0.04873,103538
1773366300000,0.04873,0.04882,0.04865,0.04875,71965
1773367200000,0.04875,0.04879,0.04863,0.04863,264309
1773368100000,0.04863,0.04876,0.04852,0.04852,756776
1773369000000,0.04852,0.04855,0.04841,0.04841,157410
1773369900000,0.04841,0.04851,0.04835,0.04843,129710
1773370800000,0.04843,0.04874,0.04843,0.04858,40637
1773371700000,0.04858,0.04886,0.04854,0.04857,81014
1773372600000,0.04857,0.04874,0.04853,0.04856,70655
1773373500000,0.04856,0.04911,0.04856,0.04894,1039780
1773374400000,0.04894,0.04902,0.04889,0.0489,172309
1773375300000,0.0489,0.04895,0.04871,0.04873,194857
1773376200000,0.04873,0.04875,0.04858,0.04868,808438
1773377100000,0.04868,0.04883,0.04868,0.04883,41169
1773378000000,0.04883,0.04883,0.04858,0.04871,115562
1773378900000,0.04871,0.04878,0.04862,0.04873,140728
1773379800000,0.04873,0.04894,0.04873,0.04879,203752
1773380700000,0.04879,0.04879,0.04867,0.04869,135937
1773381600000,0.04869,0.04878,0.04859,0.04874,172102
1773382500000,0.04874,0.04882,0.04848,0.04848,155794
1773383400000,0.04848,0.0488,0.04848,0.04878,138318
1773384300000,0.04878,0.04881,0.04867,0.04881,110863
1773385200000,0.04881,0.04891,0.0486,0.04888,50873
1773386100000,0.04888,0.04895,0.04883,0.04895,197249
1773387000000,0.04895,0.04895,0.04871,0.04871,52450
1773387900000,0.04871,0.04877,0.04862,0.04866,233623
1773388800000,0.04866,0.04866,0.04846,0.0485,47926
1773389700000,0.0485,0.04863,0.04844,0.04845,25272
1773390600000,0.04845,0.04895,0.04845,0.04875,61824
1773391500000,0.04875,0.04875,0.0484,0.04849,98957
1773392400000,0.04849,0.04861,0.04846,0.04846,124969
1773393300000,0.04846,0.04857,0.04839,0.04857,39692
1773394200000,0.04857,0.0487,0.04848,0.0487,106566
1773395100000,0.0487,0.04878,0.04869,0.04871,35077
1773396000000,0.04871,0.04878,0.0486,0.04874,41458
1773396900000,0.04874,0.04885,0.04873,0.04875,48568
1773397800000,0.04875,0.04892,0.04875,0.04889,13339
1773398700000,0.04889,0.04896,0.0488,0.04888,106814
1773399600000,0.04888,0.04902,0.04885,0.04885,61217
1773400500000,0.04885,0.04893,0.04877,0.04893,21456
1773401400000,0.04893,0.04893,0.04869,0.04883,66167
1773402300000,0.04883,0.04883,0.04875,0.04879,52667
1773403200000,0.04879,0.04889,0.04869,0.04876,117005
1773404100000,0.04876,0.04886,0.0487,0.04876,44407
1773405000000,0.04876,0.04905,0.04876,0.04904,68441
1773405900000,0.04904,0.0495,0.04904,0.04933,81111
1773406800000,0.04933,0.04944,0.04914,0.04938,41275
1773407700000,0.04938,0.04976,0.04926,0.0495,160005
1773408600000,0.0495,0.05005,0.0495,0.05005,127019
1773409500000,0.05005,0.05024,0.04969,0.04976,327882
1773410400000,0.04976,0.05021,0.04973,0.05006,351920
1773411300000,0.05006,0.05006,0.04975,0.04975,28180
1773412200000,0.04975,0.04983,0.04936,0.04936,128436
1773413100000,0.04936,0.04955,0.04898,0.04913,702915
1773414000000,0.04913,0.04966,0.04912,0.04965,139581
1773414900000,0.04965,0.04966,0.04933,0.04933,78226
1773415800000,0.04933,0.04949,0.04908,0.04921,384472
1773416700000,0.04921,0.04944,0.04909,0.04928,464652
1773417600000,0.04928,0.04941,0.049,0.04912,188355
1773418500000,0.04912,0.04912,0.04892,0.04906,207945
1773419400000,0.04906,0.0495,0.04906,0.0495,35656
1773420300000,0.0495,0.0495,0.04929,0.04932,84267
1773421200000,0.04932,0.04936,0.04919,0.04921,52072
1773422100000,0.04921,0.04927,0.04881,0.04886,137436
1773423000000,0.04886,0.04888,0.04853,0.04853,43011
1773423900000,0.04853,0.04863,0.04835,0.04863,285696
1773424800000,0.04863,0.04869,0.04851,0.04866,70704
1773425700000,0.04866,0.04872,0.04841,0.0485,1009362
1773426600000,0.0485,0.04881,0.0485,0.04871,67427
1773427500000,0.04871,0.04871,0.04865,0.04865,19460
1773428400000,0.04865,0.04866,0.0485,0.04864,33323
1773429300000,0.04864,0.04867,0.04857,0.04857,8819
1773430200000,0.04857,0.04857,0.04848,0.04853,17600
1773431100000,0.04853,0.04868,0.04853,0.04868,189998
1773432000000,0.04868,0.04868,0.04857,0.04857,61952
1773432900000,0.04857,0.04864,0.04857,0.0486,13609
1773433800000,0.0486,0.04861,0.04859,0.0486,16584
1773434700000,0.0486,0.04865,0.04858,0.04865,109751
1773435600000,0.04865,0.04885,0.04864,0.0487,55037
1773436500000,0.0487,0.04873,0.04864,0.04864,43148
1773437400000,0.04864,0.04864,0.04848,0.04848,5145
1773438300000,0.04848,0.04856,0.04848,0.04856,204
1773439200000,0.04856,0.04856,0.04806,0.04822,490364
1773440100000,0.04822,0.04822,0.04786,0.04786,89528
1773441000000,0.04786,0.048,0.04785,0.04799,101122
1773441900000,0.04799,0.04806,0.04791,0.04805,76513
1773442800000,0.04805,0.0481,0.04801,0.04807,110430
1773443700000,0.04807,0.04818,0.04806,0.04811,235006
1773444600000,0.04811,0.04811,0.04806,0.04806,31848
1773445500000,0.04806,0.04807,0.04803,0.04806,177373
1773446400000,0.04806,0.04812,0.04793,0.04795,366694
1773447300000,0.04795,0.04805,0.0479,0.04804,338187
1773448200000,0.04804,0.0481,0.04776,0.04777,725685
1773449100000,0.04777,0.04777,0.04764,0.04766,136237
1773450000000,0.04766,0.04777,0.04758,0.04765,312639
1773450900000,0.04765,0.04791,0.04765,0.04791,365634
1773451800000,0.04791,0.04798,0.04773,0.04785,90605
1773452700000,0.04785,0.04804,0.04785,0.04803,110553
1773453600000,0.04803,0.04806,0.04796,0.048,67054
1773454500000,0.048,0.04801,0.04796,0.04796,15484
1773455400000,0.04796,0.04801,0.0479,0.04793,24921
1773456300000,0.04793,0.04818,0.04793,0.04818,314510
1773457200000,0.04818,0.04819,0.04805,0.04816,334901
1773458100000,0.04816,0.04823,0.04816,0.04823,2911
1773459000000,0.04823,0.04823,0.0481,0.0481,4701
1773459900000,0.0481,0.04811,0.048,0.04811,117774
1773460800000,0.04811,0.04825,0.04811,0.04825,9817
1773461700000,0.04825,0.0483,0.04814,0.0483,24135
1773462600000,0.0483,0.04848,0.04824,0.04848,47223
1773463500000,0.04848,0.04848,0.04816,0.04817,63700
1773464400000,0.04817,0.04817,0.04806,0.04807,15572
1773465300000,0.04807,0.04807,0.04789,0.04789,44983
1773466200000,0.04789,0.04789,0.04765,0.0477,103186
1773467100000,0.0477,0.04779,0.04768,0.04774,23808
1773468000000,0.04774,0.04774,0.04757,0.04758,232639
1773468900000,0.04758,0.04758,0.04731,0.04733,96025
1773469800000,0.04733,0.04737,0.04719,0.04726,64648
1773470700000,0.04726,0.04754,0.04726,0.04751,12834
1773471600000,0.04751,0.04752,0.04746,0.04752,20761
1773472500000,0.04752,0.04752,0.04749,0.0475,8637
1773473400000,0.0475,0.0475,0.0473,0.04734,147314
1773474300000,0.04734,0.04736,0.04727,0.04734,46725
1773475200000,0.04734,0.04741,0.04731,0.04741,13301
1773476100000,0.04741,0.04745,0.04734,0.04744,24946
1773477000000,0.04744,0.04744,0.04734,0.04734,13182
1773477900000,0.04734,0.04735,0.04727,0.04735,206272
1773478800000,0.04735,0.04753,0.04735,0.04741,173518
1773479700000,0.04741,0.04746,0.0474,0.04746,7644
1773480600000,0.04746,0.04752,0.04745,0.0475,121498
1773481500000,0.0475,0.0475,0.04721,0.04745,396643
1773482400000,0.04745,0.04745,0.0473,0.04734,108355
1773483300000,0.04734,0.04735,0.04724,0.04731,188321
1773484200000,0.04731,0.04738,0.04726,0.04736,484618
1773485100000,0.04736,0.04736,0.04727,0.04733,305028
1773486000000,0.04733,0.0475,0.04731,0.04746,588448
1773486900000,0.04746,0.04762,0.04744,0.04762,119994
1773487800000,0.04762,0.04777,0.0476,0.04775,107928
1773488700000,0.04775,0.04784,0.0477,0.04773,229748
1773489600000,0.04773,0.04781,0.04769,0.04771,125127
1773490500000,0.04771,0.04782,0.04771,0.04773,65895
1773491400000,0.04773,0.04773,0.04759,0.04759,91536
1773492300000,0.04759,0.04785,0.04759,0.04785,109760
1773493200000,0.04785,0.04798,0.04781,0.04798,127670
1773494100000,0.04798,0.04817,0.04798,0.04817,40473
1773495000000,0.04817,0.04831,0.04815,0.04816,147887
1773495900000,0.04816,0.04879,0.0481,0.04877,485716
1773496800000,0.04877,0.04899,0.04854,0.04867,463464
1773497700000,0.04867,0.04896,0.04866,0.04896,99001
1773498600000,0.04896,0.04914,0.04851,0.04851,380346
1773499500000,0.04851,0.04855,0.04836,0.04845,128445
1773500400000,0.04845,0.04893,0.04845,0.04878,491482
1773501300000,0.04878,0.04885,0.04858,0.0486,247064
1773502200000,0.0486,0.0486,0.04816,0.04825,1607063
1773503100000,0.04825,0.04837,0.04822,0.04837,112402
1773504000000,0.04837,0.04862,0.04837,0.04862,280121
1773504900000,0.04862,0.0488,0.04851,0.04878,145713
1773505800000,0.04878,0.04886,0.04865,0.04866,350551
1773506700000,0.04866,0.04882,0.04861,0.04882,86997
1773507600000,0.04882,0.04916,0.0488,0.04896,1349975
1773508500000,0.04896,0.0493,0.04896,0.04921,2685694
1773509400000,0.04921,0.04928,0.04905,0.04919,537849
1773510300000,0.04919,0.04957,0.04909,0.04942,494772
1773511200000,0.04942,0.04945,0.04924,0.04929,413675
1773512100000,0.04929,0.04952,0.04924,0.04945,215700
1773513000000,0.04945,0.0497,0.04945,0.04957,439976
1773513900000,0.04957,0.04975,0.04948,0.04969,362089
1773514800000,0.04969,0.04973,0.04954,0.04954,190106
1773515700000,0.04954,0.04954,0.04895,0.04904,852540
1773516600000,0.04904,0.04923,0.04895,0.04916,256601
1773517500000,0.04916,0.04921,0.04902,0.04904,179922
1773518400000,0.04904,0.04904,0.0487,0.04877,269885
1773519300000,0.04877,0.04882,0.04862,0.04873,446834
1773520200000,0.04873,0.04893,0.04872,0.04889,154947
1773521100000,0.04889,0.04893,0.04877,0.04884,420273
1773522000000,0.04884,0.04884,0.04849,0.04865,1121057
1773522900000,0.04865,0.04866,0.04841,0.04841,129539
1773523800000,0.04841,0.04845,0.04839,0.04845,86357
1773524700000,0.04845,0.04852,0.04844,0.04846,81072
1773525600000,0.04846,0.0485,0.0484,0.04845,94713
1773526500000,0.04845,0.04855,0.04845,0.04849,234054
1773527400000,0.04849,0.04851,0.04807,0.04823,525535
1773528300000,0.04823,0.04823,0.04812,0.04818,82637
1773529200000,0.04818,0.04835,0.04805,0.04828,940701
1773530100000,0.04828,0.04832,0.04813,0.04829,613852
1773531000000,0.04829,0.04843,0.04828,0.04842,329453
1773531900000,0.04842,0.0485,0.04838,0.04849,150190
1773532800000,0.04849,0.04852,0.0482,0.04826,365851
1773533700000,0.04826,0.04826,0.0481,0.0481,314630
1773534600000,0.0481,0.0481,0.04786,0.04805,340205
1773535500000,0.04805,0.04805,0.04793,0.04798,137126
1773536400000,0.04798,0.04809,0.04786,0.04793,361754
1773537300000,0.04793,0.0483,0.04788,0.04821,773676
1773538200000,0.04821,0.0483,0.04814,0.04821,234689
1773539100000,0.04821,0.04836,0.04821,0.04836,82226
1773540000000,0.04836,0.04872,0.04836,0.0487,754481
1773540900000,0.0487,0.04875,0.04859,0.04859,511737
1773541800000,0.04859,0.04895,0.04855,0.04893,359695
1773542700000,0.04893,0.0493,0.04893,0.04917,354231
1773543600000,0.04917,0.04923,0.04899,0.04913,35593
1773544500000,0.04913,0.04915,0.04881,0.04881,149447
1773545400000,0.04881,0.04881,0.04873,0.04881,108572
1773546300000,0.04881,0.04881,0.04861,0.04872,120972
1773547200000,0.04872,0.04885,0.04847,0.04853,597108
1773548100000,0.04853,0.04853,0.04829,0.04829,71276
1773549000000,0.04829,0.04831,0.04815,0.04831,47864
1773549900000,0.04831,0.0484,0.04828,0.04839,61970
1773550800000,0.04839,0.04839,0.04827,0.04827,10332
1773551700000,0.04827,0.04854,0.04827,0.04832,51716
1773552600000,0.04832,0.04845,0.04828,0.04835,17565
1773553500000,0.04835,0.04842,0.04835,0.04835,13125
1773554400000,0.04835,0.0484,0.04828,0.04839,88988
1773555300000,0.04839,0.04843,0.0483,0.0483,10486
1773556200000,0.0483,0.0483,0.04817,0.04823,73358
1773557100000,0.04823,0.04829,0.04821,0.04827,22793
1773558000000,0.04827,0.04843,0.04817,0.0484,60923
1773558900000,0.0484,0.04844,0.04836,0.04836,225148
1773559800000,0.04836,0.04843,0.0482,0.04838,65955
1773560700000,0.04838,0.04849,0.0483,0.04846,25283
1773561600000,0.04846,0.04863,0.04845,0.04853,279977
1773562500000,0.04853,0.04854,0.04844,0.04845,62093
1773563400000,0.04845,0.04856,0.04843,0.04856,17140
1773564300000,0.04856,0.04857,0.04842,0.04844,188290
1773565200000,0.04844,0.04869,0.04844,0.04858,183686
1773566100000,0.04858,0.04859,0.0485,0.0485,28470
1773567000000,0.0485,0.04859,0.04845,0.04845,25556
1773567900000,0.04845,0.04853,0.04836,0.04853,32931
1773568800000,0.04853,0.0487,0.04844,0.0487,62172
1773569700000,0.0487,0.04888,0.0486,0.04864,78190
1773570600000,0.04864,0.04873,0.04854,0.04873,96543
1773571500000,0.04873,0.04874,0.04844,0.04846,1061177
1773572400000,0.04846,0.04846,0.04822,0.04836,232968
1773573300000,0.04836,0.04837,0.04822,0.04832,34914
1773574200000,0.04832,0.04835,0.04831,0.04831,21463
1773575100000,0.04831,0.04848,0.04829,0.04842,225585
1773576000000,0.04842,0.04855,0.04837,0.04854,92630
1773576900000,0.04854,0.04863,0.0485,0.04863,44553
1773577800000,0.04863,0.04863,0.04849,0.04854,31947
1773578700000,0.04854,0.04854,0.04848,0.04851,4595
1773579600000,0.04851,0.04851,0.04793,0.04797,268872
1773580500000,0.04797,0.04809,0.04783,0.04804,51067
1773581400000,0.04804,0.04804,0.04784,0.04797,116204
1773582300000,0.04797,0.04817,0.04794,0.04817,11829
1773583200000,0.04817,0.04818,0.04811,0.04816,23334
1773584100000,0.04816,0.04816,0.04795,0.04797,24978
1773585000000,0.04797,0.048,0.04795,0.04795,5313
1773585900000,0.04795,0.04805,0.04795,0.04805,19067
1773586800000,0.04805,0.04805,0.04795,0.04795,11953
1773587700000,0.04795,0.04801,0.04791,0.04791,17178
1773588600000,0.04791,0.04796,0.04789,0.04796,6195
1773589500000,0.04796,0.04796,0.04782,0.04788,46447
1773590400000,0.04788,0.04799,0.04786,0.04798,11284
1773591300000,0.04798,0.04798,0.04774,0.04788,56653
1773592200000,0.04788,0.04803,0.0478,0.04794,87866
1773593100000,0.04794,0.04798,0.04794,0.04794,30945
1773594000000,0.04794,0.04815,0.04788,0.04803,29182
1773594900000,0.04803,0.04812,0.04803,0.04812,26628
1773595800000,0.04812,0.04812,0.048,0.048,31686
1773596700000,0.048,0.04831,0.04799,0.04826,49793
1773597600000,0.04826,0.04826,0.04815,0.04821,67226
1773598500000,0.04821,0.04826,0.0481,0.04818,45451
1773599400000,0.04818,0.04827,0.04818,0.04826,151354
1773600300000,0.04826,0.04826,0.04793,0.04803,169068
1773601200000,0.04803,0.04811,0.04794,0.04811,33236
1773602100000,0.04811,0.04823,0.04805,0.04823,36765
1773603000000,0.04823,0.04823,0.04815,0.04818,3433
1773603900000,0.04818,0.04821,0.04814,0.0482,10745
1773604800000,0.0482,0.04824,0.0482,0.04821,1174
1773605700000,0.04821,0.04821,0.04812,0.04813,31808
1773606600000,0.04813,0.04841,0.04813,0.04828,62709
1773607500000,0.04828,0.04828,0.04817,0.04817,22040
1773608400000,0.04817,0.04817,0.0481,0.0481,22752
1773609300000,0.0481,0.04824,0.0481,0.04817,13080
1773610200000,0.04817,0.0484,0.04817,0.04836,74854
1773611100000,0.04836,0.04849,0.04836,0.0484,47463
1773612000000,0.0484,0.04862,0.04819,0.04825,404736
1773612900000,0.04825,0.04825,0.04811,0.04821,117475
1773613800000,0.04821,0.04872,0.04821,0.04872,511898
1773614700000,0.04872,0.04882,0.04857,0.04864,398470
1773615600000,0.04864,0.04871,0.0485,0.0485,217816
1773616500000,0.0485,0.04857,0.04805,0.04816,157215
1773617400000,0.04816,0.04831,0.0481,0.04829,177190
1773618300000,0.04829,0.04849,0.04826,0.04849,41951
1773619200000,0.04849,0.04865,0.04845,0.04848,239721
1773620100000,0.04848,0.04848,0.04824,0.04824,9074
1773621000000,0.04824,0.04828,0.04821,0.04828,17554
1773621900000,0.04828,0.04846,0.04826,0.04842,51801
1773622800000,0.04842,0.04845,0.04822,0.04822,446916
1773623700000,0.04822,0.04845,0.04822,0.04844,16839
1773624600000,0.04844,0.04849,0.04834,0.04841,195261
1773625500000,0.04841,0.04861,0.04841,0.04861,97484
1773626400000,0.04861,0.0488,0.04861,0.04873,50747
1773627300000,0.04873,0.0488,0.04852,0.04852,77198
1773628200000,0.04852,0.04857,0.04845,0.04855,24441
1773629100000,0.04855,0.04882,0.04855,0.0488,96666
1773630000000,0.0488,0.04885,0.0487,0.04876,106233
1773630900000,0.04876,0.04903,0.04871,0.04893,814410
1773631800000,0.04893,0.04961,0.04893,0.0493,1350941
1773632700000,0.0493,0.04937,0.04918,0.04932,42671
1773633600000,0.04932,0.0495,0.04932,0.04947,149601
1773634500000,0.04947,0.04969,0.04943,0.04945,169961
1773635400000,0.04945,0.04965,0.04943,0.04965,208710
1773636300000,0.04965,0.04999,0.04962,0.0498,329378
1773637200000,0.0498,0.05007,0.04977,0.05001,116964
1773638100000,0.05001,0.05001,0.04986,0.04994,102957
1773639000000,0.04994,0.04996,0.04982,0.04996,47209
1773639900000,0.04996,0.05018,0.04993,0.05009,106654
1773640800000,0.05009,0.05011,0.0496,0.04971,146133
1773641700000,0.04971,0.05007,0.04971,0.04983,214535
1773642600000,0.04983,0.05004,0.04974,0.05004,123945
1773643500000,0.05004,0.05004,0.04991,0.04997,59090
1773644400000,0.04997,0.05025,0.04994,0.05011,324079
1773645300000,0.05011,0.05016,0.0499,0.05016,225227
1773646200000,0.05016,0.05036,0.05016,0.05031,505536
1773647100000,0.05031,0.05034,0.05017,0.05024,45402
1773648000000,0.05024,0.05062,0.05022,0.05033,346019
1773648900000,0.05033,0.05033,0.04998,0.04998,620098
1773649800000,0.04998,0.05008,0.04979,0.04979,110399
1773650700000,0.04979,0.0501,0.04978,0.0501,193296
1773651600000,0.0501,0.05018,0.05002,0.05004,61510
1773652500000,0.05004,0.05028,0.05004,0.05025,5158
1773653400000,0.05025,0.0503,0.05015,0.05017,21056
1773654300000,0.05017,0.05033,0.05014,0.05029,198754
1773655200000,0.05029,0.05029,0.04999,0.05002,62975
1773656100000,0.05002,0.05014,0.05002,0.05009,34822
1773657000000,0.05009,0.05009,0.04967,0.04973,813863
1773657900000,0.04973,0.05,0.04973,0.04996,788881
1773658800000,0.04996,0.04998,0.04983,0.04983,56564
1773659700000,0.04983,0.04983,0.04974,0.0498,36563
1773660600000,0.0498,0.04991,0.04977,0.04991,41325
1773661500000,0.04991,0.04996,0.04987,0.04987,178835
1773662400000,0.04987,0.0501,0.04981,0.04993,480015
1773663300000,0.04993,0.05011,0.04987,0.05011,269658
1773664200000,0.05011,0.0502,0.05003,0.05012,392190
1773665100000,0.05012,0.05016,0.05005,0.05005,9049
1773666000000,0.05005,0.05005,0.0499,0.05003,30238
1773666900000,0.05003,0.05008,0.04995,0.05008,32405
1773667800000,0.05008,0.05029,0.04982,0.04989,305721
1773668700000,0.04989,0.05005,0.04971,0.04984,124186
1773669600000,0.04984,0.05001,0.0498,0.0499,47037
1773670500000,0.0499,0.0499,0.04955,0.04955,27476
1773671400000,0.04955,0.04955,0.04919,0.04931,300273
1773672300000,0.04931,0.04977,0.04918,0.0497,32965
1773673200000,0.0497,0.04984,0.04958,0.04982,38159
1773674100000,0.04982,0.04982,0.04961,0.04977,51211
1773675000000,0.04977,0.04983,0.04946,0.04954,554128
1773675900000,0.04954,0.0496,0.04943,0.04952,35815
1773676800000,0.04952,0.0497,0.04951,0.04962,17791
1773677700000,0.04962,0.05005,0.04962,0.05005,92760
1773678600000,0.05005,0.05022,0.0499,0.05022,105119
1773679500000,0.05022,0.05037,0.05017,0.05025,124308
1773680400000,0.05025,0.05048,0.05025,0.05048,55238
1773681300000,0.05048,0.05048,0.05028,0.05032,56515
1773682200000,0.05032,0.05043,0.0503,0.05036,150717
1773683100000,0.05036,0.05036,0.05022,0.05028,5881
1773684000000,0.05028,0.05068,0.05019,0.05056,1261593
1773684900000,0.05056,0.05066,0.05054,0.0506,78319
1773685800000,0.0506,0.0506,0.05016,0.05032,716380
1773686700000,0.05032,0.05032,0.05012,0.05012,56850
1773687600000,0.05012,0.05038,0.04995,0.05033,71089
1773688500000,0.05033,0.05038,0.05015,0.05016,98101
1773689400000,0.05016,0.05026,0.0501,0.0501,36223
1773690300000,0.0501,0.0501,0.04989,0.05003,57901
1773691200000,0.05003,0.05004,0.04989,0.04991,28653
1773692100000,0.04991,0.05011,0.04991,0.0501,77230
1773693000000,0.0501,0.05014,0.05,0.05005,54776
1773693900000,0.05005,0.05018,0.05005,0.05012,47156
1773694800000,0.05012,0.05031,0.05008,0.05024,225414
1773695700000,0.05024,0.05024,0.0501,0.05016,22957
1773696600000,0.05016,0.05049,0.05016,0.05034,38667
1773697500000,0.05034,0.05034,0.05034,0.05034,0
1773698400000,0.05034,0.05056,0.05024,0.05039,74327
1773699300000,0.05039,0.05039,0.05019,0.05019,11542
1773700200000,0.05019,0.05045,0.05019,0.05042,299929
1773701100000,0.05042,0.05042,0.0503,0.0503,23975
1773702000000,0.0503,0.0503,0.04991,0.04999,71016
1773702900000,0.04999,0.05017,0.04999,0.05017,16353
1773703800000,0.05017,0.05039,0.05017,0.05033,22012
1773704700000,0.05033,0.05033,0.05028,0.05028,11185
1773705600000,0.05028,0.05051,0.05016,0.05051,138138
1773706500000,0.05051,0.05053,0.05012,0.05031,210591
1773707400000,0.05031,0.05055,0.05028,0.05028,64525
1773708300000,0.05028,0.05039,0.05025,0.05036,98430
1773709200000,0.05036,0.05058,0.05024,0.05043,133121
1773710100000,0.05043,0.05047,0.05027,0.0504,29562
1773711000000,0.0504,0.0504,0.05016,0.05016,164564
1773711900000,0.05016,0.05026,0.05012,0.05022,37708
1773712800000,0.05022,0.05033,0.05007,0.05024,163699
1773713700000,0.05024,0.05024,0.05015,0.05015,25511
1773714600000,0.05015,0.05054,0.05013,0.05048,403962
1773715500000,0.05048,0.05048,0.05024,0.05024,13998
1773716400000,0.05024,0.05025,0.05005,0.05006,22800
1773717300000,0.05006,0.05006,0.04984,0.04991,31742
1773718200000,0.04991,0.04991,0.04929,0.04933,118351
1773719100000,0.04933,0.04952,0.04927,0.04952,81628
1773720000000,0.04952,0.04962,0.04946,0.0495,37306
1773720900000,0.0495,0.04953,0.04913,0.04914,267626
1773721800000,0.04914,0.04916,0.04868,0.0488,708034
1773722700000,0.0488,0.04917,0.0488,0.04911,218723
1773723600000,0.04911,0.04911,0.0489,0.04902,81163
1773724500000,0.04902,0.04911,0.04901,0.04901,10588
1773725400000,0.04901,0.04911,0.04883,0.04883,61149
1773726300000,0.04883,0.0491,0.04882,0.04899,101896
1773727200000,0.04899,0.04914,0.04888,0.04911,44741
1773728100000,0.04911,0.04935,0.0491,0.04919,70865
1773729000000,0.04919,0.04919,0.04888,0.04888,53329
1773729900000,0.04888,0.04893,0.04888,0.04891,24978
1773730800000,0.04891,0.04917,0.04891,0.04917,12344
1773731700000,0.04917,0.04928,0.04917,0.04927,60480
1773732600000,0.04927,0.04927,0.04911,0.04918,28795
1773733500000,0.04918,0.04923,0.04907,0.04907,35981
1773734400000,0.04907,0.04928,0.04906,0.04915,112178
1773735300000,0.04915,0.04928,0.04911,0.04928,18580
1773736200000,0.04928,0.04934,0.0492,0.04924,43771
1773737100000,0.04924,0.04924,0.0491,0.04914,68988
1773738000000,0.04914,0.04925,0.04909,0.04917,190462
1773738900000,0.04917,0.04958,0.04917,0.0495,116448
1773739800000,0.0495,0.04968,0.04937,0.04966,166352
1773740700000,0.04966,0.0497,0.04954,0.04954,108897
1773741600000,0.04954,0.04974,0.04945,0.04974,90653
1773742500000,0.04974,0.04974,0.04957,0.04959,25165
1773743400000,0.04959,0.04959,0.04936,0.04957,50582
1773744300000,0.04957,0.04957,0.04948,0.04956,78881
1773745200000,0.04956,0.04974,0.04956,0.04974,20596
1773746100000,0.04974,0.04994,0.04971,0.04994,111831
1773747000000,0.04994,0.04994,0.04984,0.04994,68671
1773747900000,0.04994,0.04994,0.04961,0.04961,89646
1773748800000,0.04961,0.04961,0.04941,0.04943,52969
1773749700000,0.04943,0.04943,0.04912,0.04912,79343
1773750600000,0.04912,0.04912,0.04892,0.04896,38285
1773751500000,0.04896,0.04905,0.04889,0.04898,104377
1773752400000,0.04898,0.04904,0.04898,0.04899,18409
1773753300000,0.04899,0.04901,0.04896,0.049,37181
1773754200000,0.049,0.04927,0.049,0.04909,330738
1773755100000,0.04909,0.04911,0.0488,0.04904,214131
1773756000000,0.04904,0.04912,0.04884,0.04912,62720
1773756900000,0.04912,0.04924,0.04901,0.04924,38854
1773757800000,0.04924,0.04943,0.04924,0.04927,30382
1773758700000,0.04927,0.04934,0.0492,0.04934,36660
1773759600000,0.04934,0.04966,0.04928,0.0493,72623
1773760500000,0.0493,0.04937,0.04929,0.04933,11025
1773761400000,0.04933,0.04944,0.0492,0.04932,25861
1773762300000,0.04932,0.04964,0.04932,0.04961,18524
1773763200000,0.04961,0.04972,0.04957,0.04962,52212
1773764100000,0.04962,0.04994,0.04958,0.04978,43142
1773765000000,0.04978,0.04978,0.04947,0.04955,58054
1773765900000,0.04955,0.04962,0.04951,0.04954,33755
1773766800000,0.04954,0.04974,0.04951,0.04965,128232
1773767700000,0.04965,0.04975,0.04961,0.04967,147787
1773768600000,0.04967,0.04971,0.04959,0.04971,113245
1773769500000,0.04971,0.0498,0.04971,0.0498,13198
1773770400000,0.0498,0.04985,0.04969,0.04983,23957
1773771300000,0.04983,0.04983,0.0497,0.0497,10743
1773772200000,0.0497,0.04984,0.0497,0.04982,41365
1773773100000,0.04982,0.04992,0.04982,0.04992,85524
1773774000000,0.04992,0.05003,0.04992,0.04993,28530
1773774900000,0.04993,0.04993,0.04982,0.0499,19341
1773775800000,0.0499,0.05019,0.0499,0.05004,29569
1773776700000,0.05004,0.05004,0.04975,0.04979,42988
1773777600000,0.04979,0.0499,0.04979,0.04981,23804
1773778500000,0.04981,0.0501,0.04979,0.0501,25043
1773779400000,0.0501,0.05021,0.05006,0.05012,102208
1773780300000,0.05012,0.05019,0.05007,0.05018,43965
1773781200000,0.05018,0.05037,0.05009,0.05035,44936
1773782100000,0.05035,0.05037,0.05031,0.05032,26918
1773783000000,0.05032,0.05039,0.0503,0.05039,16958
1773783900000,0.05039,0.05046,0.0503,0.05034,45710
1773784800000,0.05034,0.05034,0.05022,0.05022,12372
1773785700000,0.05022,0.05022,0.05009,0.05009,14955
1773786600000,0.05009,0.05009,0.04976,0.04983,41754
1773787500000,0.04983,0.05016,0.04983,0.05015,491073
1773788400000,0.05015,0.05017,0.05002,0.05009,58798
1773789300000,0.05009,0.05009,0.0498,0.04986,45644
1773790200000,0.04986,0.04989,0.04968,0.04968,37296
1773791100000,0.04968,0.04974,0.04968,0.04971,764
1773792000000,0.04971,0.04991,0.04958,0.04958,52406
1773792900000,0.04958,0.04958,0.04933,0.04936,25240
1773793800000,0.04936,0.04938,0.04917,0.04937,227024
1773794700000,0.04937,0.04958,0.04937,0.04955,12163
1773795600000,0.04955,0.04972,0.04955,0.04962,26128
1773796500000,0.04962,0.04977,0.04962,0.04977,19607
1773797400000,0.04977,0.04994,0.04977,0.0499,33213
1773798300000,0.0499,0.04994,0.04981,0.04981,10595
1773799200000,0.04981,0.05017,0.04978,0.05016,33460
1773800100000,0.05016,0.0502,0.05007,0.05007,51275
1773801000000,0.05007,0.05038,0.05007,0.05033,111995
1773801900000,0.05033,0.05038,0.05015,0.05015,56890
1773802800000,0.05015,0.05031,0.05015,0.05031,107118
1773803700000,0.05031,0.05068,0.05027,0.05066,190087
1773804600000,0.05066,0.05072,0.05041,0.05043,110745
1773805500000,0.05043,0.05043,0.05029,0.05034,48121
1773806400000,0.05034,0.05035,0.04999,0.04999,114931
1773807300000,0.04999,0.05003,0.04986,0.04986,44028
1773808200000,0.04986,0.04994,0.04969,0.04987,82362
1773809100000,0.04987,0.04996,0.04987,0.04988,23519
1773810000000,0.04988,0.05039,0.04988,0.05036,104628
1773810900000,0.05036,0.05036,0.05018,0.05021,25246
1773811800000,0.05021,0.05025,0.0501,0.05013,81322
1773812700000,0.05013,0.05015,0.0499,0.04991,95715
1773813600000,0.04991,0.05008,0.04991,0.05004,33344
1773814500000,0.05004,0.05013,0.04993,0.05012,23847
1773815400000,0.05012,0.0502,0.04986,0.04986,28038
1773816300000,0.04986,0.0499,0.04976,0.04983,401317
1773817200000,0.04983,0.04983,0.04961,0.0497,58630
1773818100000,0.0497,0.0497,0.04949,0.0495,9363
1773819000000,0.0495,0.04965,0.0495,0.04959,5977
1773819900000,0.04959,0.04985,0.04959,0.04985,14101
1773820800000,0.04985,0.04996,0.04979,0.04985,103955
1773821700000,0.04985,0.04993,0.04975,0.0498,177462
1773822600000,0.0498,0.04985,0.04973,0.04985,28034
1773823500000,0.04985,0.0499,0.04984,0.04987,11596
1773824400000,0.04987,0.04987,0.04981,0.04984,21500
1773825300000,0.04984,0.04989,0.04984,0.04989,14967
1773826200000,0.04989,0.05009,0.04989,0.04996,33546
1773827100000,0.04996,0.04996,0.04969,0.04978,109564
1773828000000,0.04978,0.04983,0.04963,0.04972,39860
1773828900000,0.04972,0.04972,0.04958,0.04966,16810
1773829800000,0.04966,0.04966,0.0494,0.04942,32584
1773830700000,0.04942,0.04946,0.04931,0.04945,77473
1773831600000,0.04945,0.04947,0.0493,0.0494,58982
1773832500000,0.0494,0.04944,0.04904,0.0491,89708
1773833400000,0.0491,0.04911,0.04819,0.04851,544787
1773834300000,0.04851,0.04857,0.04825,0.04831,313843
1773835200000,0.04831,0.04831,0.04793,0.04801,293815
1773836100000,0.04801,0.04812,0.04799,0.04799,16195
1773837000000,0.04799,0.04799,0.04742,0.04757,382662
1773837900000,0.04757,0.04758,0.04738,0.04749,96375
1773838800000,0.04749,0.04752,0.04725,0.04752,93354
1773839700000,0.04752,0.04753,0.04736,0.04745,42647
1773840600000,0.04745,0.04764,0.04732,0.04757,58455
1773841500000,0.04757,0.04761,0.0474,0.04745,105335
1773842400000,0.04745,0.04745,0.04722,0.04725,60521
1773843300000,0.04725,0.0474,0.04712,0.04712,63756
1773844200000,0.04712,0.04716,0.04673,0.04677,463617
1773845100000,0.04677,0.04696,0.04665,0.04669,142694
1773846000000,0.04669,0.04699,0.04647,0.04671,444760
1773846900000,0.04671,0.04687,0.04671,0.04681,23067
1773847800000,0.04681,0.0471,0.04681,0.04704,21250
1773848700000,0.04704,0.04705,0.04694,0.04701,68912
1773849600000,0.04701,0.04701,0.04688,0.04688,49998
1773850500000,0.04688,0.0469,0.04672,0.04672,53229
1773851400000,0.04672,0.04684,0.04665,0.04684,55201
1773852300000,0.04684,0.04695,0.04681,0.04686,30778
1773853200000,0.04686,0.04687,0.04673,0.0468,693153
1773854100000,0.0468,0.0471,0.04674,0.0471,100411
1773855000000,0.0471,0.0475,0.0471,0.04744,257753
1773855900000,0.04744,0.04751,0.04725,0.04727,44265
1773856800000,0.04727,0.04766,0.04727,0.04755,349860
1773857700000,0.04755,0.04755,0.04721,0.04731,121093
1773858600000,0.04731,0.04747,0.04731,0.0474,88542
1773859500000,0.0474,0.0474,0.04699,0.04704,40502
1773860400000,0.04704,0.0473,0.04704,0.04725,34101
1773861300000,0.04725,0.04736,0.04713,0.04713,68560
1773862200000,0.04713,0.04721,0.04694,0.04696,171915
1773863100000,0.04696,0.04697,0.04686,0.04691,67005
1773864000000,0.04691,0.04696,0.04661,0.04681,160383
1773864900000,0.04681,0.04695,0.0468,0.04695,24985
1773865800000,0.04695,0.04716,0.04695,0.04716,12905
1773866700000,0.04716,0.04716,0.04688,0.04706,491198
1773867600000,0.04706,0.04706,0.04699,0.04703,4349
1773868500000,0.04703,0.04727,0.04703,0.04727,17504
1773869400000,0.04727,0.04727,0.04727,0.04727,0
1773870300000,0.04727,0.04727,0.04727,0.04727,0
1773871200000,0.04727,0.04728,0.04713,0.0472,81915
1773872100000,0.0472,0.04723,0.04713,0.04717,65937
1773873000000,0.04717,0.04718,0.04701,0.04701,37983
1773873900000,0.04701,0.04702,0.04696,0.04702,8807
1773874800000,0.04702,0.04704,0.04699,0.04699,8194
1773875700000,0.04699,0.04699,0.04685,0.04685,2936
1773876600000,0.04685,0.04701,0.04685,0.04696,55852
1773877500000,0.04696,0.04698,0.04696,0.04696,46148
1773878400000,0.04696,0.0471,0.04692,0.04709,157791
1773879300000,0.04709,0.04709,0.04697,0.04697,11085
1773880200000,0.04697,0.04697,0.04682,0.04684,16595
1773881100000,0.04684,0.04684,0.04671,0.04673,5618
1773882000000,0.04673,0.04673,0.04649,0.04653,212938
1773882900000,0.04653,0.04663,0.04653,0.04655,45015
1773883800000,0.04655,0.04673,0.04649,0.04673,60850
1773884700000,0.04673,0.04673,0.04665,0.04667,14193
1773885600000,0.04667,0.04667,0.04621,0.04645,202921
1773886500000,0.04645,0.0465,0.04642,0.04647,15427
1773887400000,0.04647,0.04654,0.04644,0.04653,12634
1773888300000,0.04653,0.04661,0.04642,0.04647,93248
1773889200000,0.04647,0.0466,0.04645,0.0466,23184
1773890100000,0.0466,0.04702,0.0466,0.04702,127176
1773891000000,0.04702,0.04702,0.0467,0.0467,43452
1773891900000,0.0467,0.04672,0.04663,0.04663,51011
1773892800000,0.04663,0.04666,0.0464,0.0464,114433
1773893700000,0.0464,0.04647,0.04633,0.04633,27238
1773894600000,0.04633,0.04634,0.04605,0.04618,280040
1773895500000,0.04618,0.04619,0.0461,0.0461,37727
1773896400000,0.0461,0.0461,0.04568,0.04575,223003
1773897300000,0.04575,0.04585,0.04559,0.04563,177588
1773898200000,0.04563,0.0457,0.04555,0.04568,72042
1773899100000,0.04568,0.04579,0.04564,0.04579,75869
1773900000000,0.04579,0.04598,0.04578,0.04592,16510
1773900900000,0.04592,0.04597,0.04577,0.04577,39643
1773901800000,0.04577,0.04604,0.04569,0.04604,88618
1773902700000,0.04604,0.04607,0.04589,0.04591,72286
1773903600000,0.04591,0.04591,0.04555,0.04557,197390
1773904500000,0.04557,0.0456,0.0452,0.04544,159537
1773905400000,0.04544,0.04575,0.04536,0.04565,53613
1773906300000,0.04565,0.04565,0.04541,0.04541,112326
1773907200000,0.04541,0.04547,0.04535,0.04538,58668
1773908100000,0.04538,0.04539,0.04531,0.04531,11615
1773909000000,0.04531,0.04565,0.04523,0.04562,20645
1773909900000,0.04562,0.04562,0.0455,0.04552,24484
1773910800000,0.04552,0.04565,0.04552,0.0456,16389
1773911700000,0.0456,0.04598,0.0456,0.04583,92511
1773912600000,0.04583,0.04596,0.04583,0.04595,6521
1773913500000,0.04595,0.04604,0.04595,0.04596,36415
1773914400000,0.04596,0.04601,0.04594,0.04595,31648
1773915300000,0.04595,0.04601,0.04594,0.04596,16674
1773916200000,0.04596,0.04596,0.04573,0.04573,98454
1773917100000,0.04573,0.04573,0.04568,0.04569,35885
1773918000000,0.04569,0.0458,0.04569,0.04575,5030
1773918900000,0.04575,0.04575,0.0457,0.04573,23829
1773919800000,0.04573,0.04573,0.04553,0.04558,32163
1773920700000,0.04558,0.04562,0.04556,0.04556,30135
1773921600000,0.04556,0.04556,0.04543,0.04552,117366
1773922500000,0.04552,0.04552,0.04528,0.04528,40138
1773923400000,0.04528,0.04531,0.04521,0.04531,117776
1773924300000,0.04531,0.04531,0.04484,0.04484,232482
1773925200000,0.04484,0.04503,0.04445,0.04445,307552
1773926100000,0.04445,0.04482,0.04445,0.04466,727388
1773927000000,0.04466,0.04495,0.04448,0.04488,156321
1773927900000,0.04488,0.04495,0.04479,0.04484,55534
1773928800000,0.04484,0.04505,0.04466,0.04466,42650
1773929700000,0.04466,0.04469,0.04448,0.0445,75938
1773930600000,0.0445,0.04463,0.04422,0.04439,1214217
1773931500000,0.04439,0.04455,0.04428,0.0445,60210
1773932400000,0.0445,0.04463,0.04443,0.04444,40784
1773933300000,0.04444,0.04445,0.04427,0.0443,54834
1773934200000,0.0443,0.04431,0.04393,0.04393,476300
1773935100000,0.04393,0.04415,0.04381,0.04414,137755
1773936000000,0.04414,0.04414,0.04389,0.04389,77018
1773936900000,0.04389,0.04399,0.04382,0.04399,48139
1773937800000,0.04399,0.04399,0.04356,0.04371,334382
1773938700000,0.04371,0.04375,0.04362,0.0437,111840
1773939600000,0.0437,0.04377,0.04347,0.04356,125605
1773940500000,0.04356,0.0444,0.04356,0.04438,1889447
1773941400000,0.04438,0.0444,0.04422,0.0443,115795
1773942300000,0.0443,0.04441,0.0443,0.04439,17166
1773943200000,0.04439,0.04443,0.04434,0.04439,20461
1773944100000,0.04439,0.04439,0.04425,0.04426,68852
1773945000000,0.04426,0.04429,0.04422,0.04422,54619
1773945900000,0.04422,0.04426,0.0442,0.04426,27278
1773946800000,0.04426,0.04474,0.04424,0.04466,75666
1773947700000,0.04466,0.04469,0.04451,0.04451,17643
1773948600000,0.04451,0.04451,0.04435,0.04445,221371
1773949500000,0.04445,0.04447,0.04434,0.04444,30565
1773950400000,0.04444,0.04458,0.04439,0.04457,59256
1773951300000,0.04457,0.04467,0.04457,0.0446,39991
1773952200000,0.0446,0.04485,0.0446,0.04464,388775
1773953100000,0.04464,0.04468,0.04461,0.04464,76708
1773954000000,0.04464,0.04494,0.04464,0.04488,180620
1773954900000,0.04488,0.04488,0.04475,0.04477,127133
1773955800000,0.04477,0.04483,0.04474,0.04483,163205
1773956700000,0.04483,0.04483,0.04474,0.04481,34747
1773957600000,0.04481,0.04489,0.04469,0.04484,77953
1773958500000,0.04484,0.04487,0.04476,0.04477,172800
1773959400000,0.04477,0.04477,0.04445,0.04448,129705
1773960300000,0.04448,0.0447,0.04448,0.0447,31019
1773961200000,0.0447,0.04487,0.0447,0.04487,77318
1773962100000,0.04487,0.04487,0.04465,0.04476,80990
1773963000000,0.04476,0.04485,0.04464,0.04471,214794
1773963900000,0.04471,0.0449,0.04471,0.0449,38309
1773964800000,0.0449,0.04494,0.04482,0.04488,48982
1773965700000,0.04488,0.04499,0.04484,0.04499,28859
1773966600000,0.04499,0.04513,0.04496,0.04508,187814
1773967500000,0.04508,0.04515,0.04507,0.04507,5827
1773968400000,0.04507,0.04512,0.04497,0.04499,24114
1773969300000,0.04499,0.04504,0.04495,0.04496,71051
1773970200000,0.04496,0.04519,0.04496,0.04519,135323
1773971100000,0.04519,0.0452,0.04508,0.04508,69806
1773972000000,0.04508,0.04513,0.04504,0.04512,14443
1773972900000,0.04512,0.04512,0.04483,0.04483,48469
1773973800000,0.04483,0.04491,0.04477,0.04491,38279
1773974700000,0.04491,0.04502,0.04491,0.04502,47164
1773975600000,0.04502,0.04502,0.0449,0.04492,51936
1773976500000,0.04492,0.04511,0.04492,0.0451,150075
1773977400000,0.0451,0.04518,0.04504,0.04505,33911
1773978300000,0.04505,0.04515,0.04503,0.04515,228782
1773979200000,0.04515,0.04517,0.04501,0.04511,171640
1773980100000,0.04511,0.04511,0.04492,0.04495,51058
1773981000000,0.04495,0.04495,0.04472,0.04472,50975
1773981900000,0.04472,0.04488,0.04469,0.04488,69714
1773982800000,0.04488,0.04498,0.04484,0.04497,57681
1773983700000,0.04497,0.04497,0.04492,0.04492,6862
1773984600000,0.04492,0.04516,0.04484,0.04516,6290
1773985500000,0.04516,0.04516,0.04505,0.04505,13997
1773986400000,0.04505,0.04507,0.04502,0.04507,48091
1773987300000,0.04507,0.04507,0.04495,0.04495,22917
1773988200000,0.04495,0.04498,0.0448,0.0448,9450
1773989100000,0.0448,0.0448,0.04467,0.04467,15073
1773990000000,0.04467,0.04467,0.04428,0.04431,348978
1773990900000,0.04431,0.04445,0.04431,0.0444,69028
1773991800000,0.0444,0.04463,0.04438,0.04458,31383
1773992700000,0.04458,0.04464,0.04448,0.04455,41012
1773993600000,0.04455,0.04487,0.04453,0.04477,162246
1773994500000,0.04477,0.0448,0.04467,0.04467,121250
1773995400000,0.04467,0.04472,0.04458,0.04465,71695
1773996300000,0.04465,0.04473,0.04465,0.04468,33773
1773997200000,0.04468,0.04468,0.04457,0.04457,62790
1773998100000,0.04457,0.04457,0.04439,0.04454,122726
1773999000000,0.04454,0.04475,0.04454,0.04471,39193
1773999900000,0.04471,0.04476,0.04467,0.04471,20712
1774000800000,0.04471,0.04471,0.04449,0.04449,81352
1774001700000,0.04449,0.04453,0.04444,0.04449,107869
1774002600000,0.04449,0.04472,0.04447,0.04463,91412
1774003500000,0.04463,0.04469,0.04463,0.04469,10544
1774004400000,0.04469,0.04469,0.04402,0.0442,2128474
1774005300000,0.0442,0.0442,0.04399,0.04399,39728
1774006200000,0.04399,0.04399,0.04306,0.04315,2205412
1774007100000,0.04315,0.04326,0.04304,0.04318,258903
1774008000000,0.04318,0.04338,0.04318,0.04325,400857
1774008900000,0.04325,0.04331,0.04306,0.04314,94310
1774009800000,0.04314,0.04317,0.04286,0.04292,545496
1774010700000,0.04292,0.04301,0.04283,0.043,156409
1774011600000,0.043,0.04327,0.043,0.04313,334582
1774012500000,0.04313,0.04334,0.0431,0.04332,794884
1774013400000,0.04332,0.04355,0.0431,0.04353,629527
1774014300000,0.04353,0.04353,0.0432,0.04325,382647
1774015200000,0.04325,0.04358,0.04323,0.04333,235023
1774016100000,0.04333,0.0434,0.04313,0.04332,183337
1774017000000,0.04332,0.04345,0.04326,0.04326,42246
1774017900000,0.04326,0.04326,0.04305,0.04308,48787
1774018800000,0.04308,0.04316,0.04266,0.04293,677192
1774019700000,0.04293,0.04326,0.04289,0.04322,463562
1774020600000,0.04322,0.04349,0.04319,0.04343,71658
1774021500000,0.04343,0.04358,0.04343,0.04358,45956
1774022400000,0.04358,0.04378,0.04358,0.04362,210911
1774023300000,0.04362,0.04381,0.04357,0.04381,120679
1774024200000,0.04381,0.04384,0.04367,0.04368,272740
1774025100000,0.04368,0.04397,0.04368,0.04391,69142
1774026000000,0.04391,0.04395,0.04367,0.04367,79992
1774026900000,0.04367,0.04371,0.04349,0.0435,654477
1774027800000,0.0435,0.04357,0.04333,0.04336,233200
1774028700000,0.04336,0.04345,0.04332,0.04344,40479
1774029600000,0.04344,0.04344,0.04328,0.04328,61771
1774030500000,0.04328,0.04332,0.04303,0.04303,475512
1774031400000,0.04303,0.04303,0.04282,0.04284,162636
1774032300000,0.04284,0.04296,0.04279,0.04291,134314
1774033200000,0.04291,0.04294,0.04276,0.04282,125014
1774034100000,0.04282,0.04282,0.04266,0.04275,134265
1774035000000,0.04275,0.04286,0.0426,0.04285,209456
1774035900000,0.04285,0.04312,0.04285,0.04311,195927
1774036800000,0.04311,0.04317,0.04287,0.0429,267887
1774037700000,0.0429,0.04297,0.04282,0.04283,330282
1774038600000,0.04283,0.04283,0.04262,0.04263,10429
1774039500000,0.04263,0.04285,0.04263,0.04284,36351
1774040400000,0.04284,0.04289,0.04278,0.04285,67276
1774041300000,0.04285,0.04329,0.04285,0.04319,349676
1774042200000,0.04319,0.04347,0.04315,0.04315,108437
1774043100000,0.04315,0.04327,0.04315,0.04321,125958
1774044000000,0.04321,0.0437,0.04321,0.04355,260259
1774044900000,0.04355,0.04357,0.04346,0.04346,42454
1774045800000,0.04346,0.04346,0.04342,0.04342,5497
1774046700000,0.04342,0.04347,0.04342,0.04345,28340
1774047600000,0.04345,0.04345,0.04311,0.04318,175671
1774048500000,0.04318,0.04324,0.04306,0.04323,97028
1774049400000,0.04323,0.04334,0.04323,0.04326,187601
1774050300000,0.04326,0.0434,0.04326,0.04334,124010
1774051200000,0.04334,0.04344,0.04325,0.0433,43967
1774052100000,0.0433,0.04347,0.0433,0.04347,124681
1774053000000,0.04347,0.04355,0.04346,0.04347,112876
1774053900000,0.04347,0.04347,0.0433,0.04333,267885
1774054800000,0.04333,0.0434,0.04325,0.04325,93690
1774055700000,0.04325,0.04326,0.04323,0.04324,17108
1774056600000,0.04324,0.04324,0.0431,0.0431,28266
1774057500000,0.0431,0.0431,0.04301,0.04304,57302
1774058400000,0.04304,0.04304,0.04302,0.04304,8351
1774059300000,0.04304,0.04314,0.04304,0.04314,24266
1774060200000,0.04314,0.04351,0.04314,0.0435,80677
1774061100000,0.0435,0.04356,0.04342,0.04356,22864
1774062000000,0.04356,0.04357,0.04343,0.04349,65226
1774062900000,0.04349,0.04349,0.04341,0.04343,36930
1774063800000,0.04343,0.04348,0.0434,0.04348,33639
1774064700000,0.04348,0.04348,0.04339,0.04339,30181
1774065600000,0.04339,0.04347,0.04339,0.04342,80838
1774066500000,0.04342,0.04349,0.04342,0.04348,13937
1774067400000,0.04348,0.04348,0.04333,0.04337,124669
1774068300000,0.04337,0.04337,0.04336,0.04336,5222
1774069200000,0.04336,0.0435,0.04336,0.04347,245152
1774070100000,0.04347,0.0435,0.04335,0.04335,48240
1774071000000,0.04335,0.04348,0.04333,0.04337,129718
1774071900000,0.04337,0.04337,0.0433,0.04332,7689
1774072800000,0.04332,0.04332,0.04324,0.04326,47544
1774073700000,0.04326,0.0433,0.04326,0.0433,24087
1774074600000,0.0433,0.04332,0.04325,0.04325,61890
1774075500000,0.04325,0.04325,0.0431,0.0431,124105
1774076400000,0.0431,0.04312,0.04302,0.04302,88489
1774077300000,0.04302,0.04307,0.04299,0.043,22254
1774078200000,0.043,0.043,0.04297,0.04297,8607
1774079100000,0.04297,0.04305,0.04293,0.04293,165872
1774080000000,0.04293,0.04295,0.04289,0.04295,3963
1774080900000,0.04295,0.04295,0.04294,0.04294,2218
1774081800000,0.04294,0.04296,0.0429,0.04291,28359
1774082700000,0.04291,0.04302,0.04291,0.04298,151402
1774083600000,0.04298,0.04305,0.04298,0.04302,26412
1774084500000,0.04302,0.04302,0.04291,0.04291,54484
1774085400000,0.04291,0.04291,0.04286,0.04287,17958
1774086300000,0.04287,0.04287,0.04282,0.04287,9928
1774087200000,0.04287,0.04295,0.04282,0.04282,31368
1774088100000,0.04282,0.04282,0.04278,0.0428,8875
1774089000000,0.0428,0.0428,0.04273,0.04276,15893
1774089900000,0.04276,0.04279,0.04276,0.04279,144
1774090800000,0.04279,0.04279,0.04272,0.04277,23775
1774091700000,0.04277,0.04282,0.04272,0.04274,404529
1774092600000,0.04274,0.04287,0.04265,0.04286,64102
1774093500000,0.04286,0.04286,0.04283,0.04286,10289
1774094400000,0.04286,0.043,0.04286,0.04298,61456
1774095300000,0.04298,0.04307,0.04298,0.043,278043
1774096200000,0.043,0.043,0.04291,0.04297,34406
1774097100000,0.04297,0.04297,0.04281,0.04281,27805
1774098000000,0.04281,0.04281,0.04279,0.04281,53280
1774098900000,0.04281,0.04284,0.04278,0.04278,13940
1774099800000,0.04278,0.04278,0.04273,0.04278,5968
1774100700000,0.04278,0.04294,0.04278,0.04292,80780
1774101600000,0.04292,0.04333,0.04292,0.04325,154238
1774102500000,0.04325,0.04336,0.04323,0.04336,557668
1774103400000,0.04336,0.04336,0.04315,0.04318,224658
1774104300000,0.04318,0.0432,0.04308,0.0431,25480
1774105200000,0.0431,0.04318,0.04307,0.04315,31535
1774106100000,0.04315,0.04334,0.04315,0.04332,98732
1774107000000,0.04332,0.04374,0.04332,0.0436,198388
1774107900000,0.0436,0.04369,0.04354,0.04363,122360
1774108800000,0.04363,0.04364,0.04339,0.04339,193398
1774109700000,0.04339,0.04339,0.04324,0.04326,79183
1774110600000,0.04326,0.04327,0.04307,0.04309,16074
1774111500000,0.04309,0.04312,0.04307,0.04307,16945
1774112400000,0.04307,0.0431,0.04285,0.04288,65449
1774113300000,0.04288,0.04289,0.04286,0.04289,3624
1774114200000,0.04289,0.04301,0.04289,0.04297,48730
1774115100000,0.04297,0.04297,0.04289,0.04291,51256
1774116000000,0.04291,0.04307,0.04291,0.04307,59710
1774116900000,0.04307,0.04317,0.04307,0.04314,41979
1774117800000,0.04314,0.04344,0.04314,0.04341,123132
1774118700000,0.04341,0.04341,0.04321,0.04321,13273
1774119600000,0.04321,0.04327,0.04318,0.04327,60963
1774120500000,0.04327,0.04327,0.0432,0.04322,43969
1774121400000,0.04322,0.04322,0.04307,0.04307,5427
1774122300000,0.04307,0.04312,0.04307,0.04312,4081
1774123200000,0.04312,0.04316,0.04308,0.04308,16665
1774124100000,0.04308,0.0432,0.04306,0.0432,52209
1774125000000,0.0432,0.04326,0.04318,0.04318,133829
1774125900000,0.04318,0.04327,0.04318,0.04327,50969
1774126800000,0.04327,0.0433,0.04325,0.04325,11345
1774127700000,0.04325,0.04327,0.04319,0.04319,42900
1774128600000,0.04319,0.04319,0.04316,0.04316,2827
1774129500000,0.04316,0.04316,0.04296,0.04301,65213
1774130400000,0.04301,0.04301,0.04291,0.04296,8108
1774131300000,0.04296,0.04301,0.04296,0.04299,1710
1774132200000,0.04299,0.04302,0.04295,0.04295,9157
1774133100000,0.04295,0.04296,0.04292,0.04292,7372
1774134000000,0.04292,0.04292,0.04282,0.04282,11289
1774134900000,0.04282,0.04288,0.04282,0.04283,9569
1774135800000,0.04283,0.04285,0.04281,0.04281,13071
1774136700000,0.04281,0.04281,0.04136,0.04166,2317901
1774137600000,0.04166,0.04184,0.04099,0.04158,350603
1774138500000,0.04158,0.04189,0.04154,0.0418,285892
1774139400000,0.0418,0.04208,0.0418,0.04198,59671
1774140300000,0.04198,0.04206,0.04181,0.04185,7657
1774141200000,0.04185,0.04201,0.04185,0.04195,124543
1774142100000,0.04195,0.04196,0.04186,0.04191,35529
1774143000000,0.04191,0.04198,0.04178,0.04184,149362
1774143900000,0.04184,0.04195,0.04184,0.04195,7509
1774144800000,0.04195,0.04217,0.04195,0.04207,71841
1774145700000,0.04207,0.04242,0.04203,0.04233,87584
1774146600000,0.04233,0.04233,0.04216,0.04217,79013
1774147500000,0.04217,0.04228,0.04217,0.04226,31904
1774148400000,0.04226,0.04226,0.04199,0.04211,104067
1774149300000,0.04211,0.04238,0.04206,0.04235,387416
1774150200000,0.04235,0.04254,0.04228,0.0423,234963
1774151100000,0.0423,0.0423,0.04214,0.04217,99953
1774152000000,0.04217,0.04232,0.04216,0.04228,37005
1774152900000,0.04228,0.04244,0.04216,0.04216,34435
1774153800000,0.04216,0.0424,0.04216,0.04232,177123
1774154700000,0.04232,0.04238,0.04227,0.04232,87785
1774155600000,0.04232,0.04232,0.04221,0.04221,30844
1774156500000,0.04221,0.04226,0.04214,0.04221,219461
1774157400000,0.04221,0.04221,0.04212,0.04213,50597
1774158300000,0.04213,0.04214,0.0421,0.04211,21442
1774159200000,0.04211,0.04211,0.04199,0.04199,45841
1774160100000,0.04199,0.04204,0.04197,0.04204,77136
1774161000000,0.04204,0.04206,0.04195,0.04202,44824
1774161900000,0.04202,0.04207,0.04196,0.04199,91621
1774162800000,0.04199,0.04205,0.04188,0.04192,136746
1774163700000,0.04192,0.04199,0.04192,0.04197,20249
1774164600000,0.04197,0.04197,0.0418,0.04181,78547
1774165500000,0.04181,0.04189,0.04174,0.04174,45694
1774166400000,0.04174,0.04175,0.04159,0.04161,62319
1774167300000,0.04161,0.04166,0.04143,0.04146,68444
1774168200000,0.04146,0.04177,0.04146,0.04172,44314
1774169100000,0.04172,0.04174,0.04162,0.04174,69395
1774170000000,0.04174,0.04193,0.04174,0.04189,61048
1774170900000,0.04189,0.04191,0.04169,0.04174,102107
1774171800000,0.04174,0.04184,0.04174,0.04182,23619
1774172700000,0.04182,0.04183,0.04179,0.0418,17477
1774173600000,0.0418,0.0418,0.03931,0.03988,6379289
1774174500000,0.03988,0.04024,0.03988,0.04001,1113684
1774175400000,0.04001,0.04013,0.0399,0.03995,221586
1774176300000,0.03995,0.04008,0.03992,0.04,629953
1774177200000,0.04,0.04001,0.03976,0.03979,851604
1774178100000,0.03979,0.03982,0.03959,0.03971,475652
1774179000000,0.03971,0.03976,0.03955,0.03973,149805
1774179900000,0.03973,0.03973,0.03961,0.03961,169531
1774180800000,0.03961,0.03987,0.03948,0.03981,1041027
1774181700000,0.03981,0.04004,0.03981,0.04,224136
1774182600000,0.04,0.04,0.0398,0.0398,89635
1774183500000,0.0398,0.03981,0.03963,0.03964,426587
1774184400000,0.03964,0.03985,0.03964,0.03977,174864
1774185300000,0.03977,0.03986,0.03971,0.03983,90220
1774186200000,0.03983,0.03989,0.03979,0.03986,176438
1774187100000,0.03986,0.04003,0.03985,0.04001,47910
1774188000000,0.04001,0.04001,0.03991,0.03991,45964
1774188900000,0.03991,0.04,0.03991,0.03997,312986
1774189800000,0.03997,0.04,0.03992,0.03995,26182
1774190700000,0.03995,0.03998,0.03992,0.03992,7381
1774191600000,0.03992,0.04004,0.03992,0.03998,69745
1774192500000,0.03998,0.04003,0.03998,0.04002,76540
1774193400000,0.04002,0.04002,0.0397,0.0397,63098
1774194300000,0.0397,0.03975,0.03877,0.03893,4387473
1774195200000,0.03893,0.03921,0.03874,0.03915,784491
1774196100000,0.03915,0.03925,0.03906,0.03907,169528
1774197000000,0.03907,0.03907,0.0388,0.03882,817441
1774197900000,0.03882,0.03899,0.0388,0.03884,934849
1774198800000,0.03884,0.03921,0.03879,0.03918,397750
1774199700000,0.03918,0.03918,0.03902,0.03903,130429
1774200600000,0.03903,0.03905,0.03895,0.03897,43337
1774201500000,0.03897,0.03897,0.03892,0.03895,134939
1774202400000,0.03895,0.03895,0.03871,0.03878,840723
1774203300000,0.03878,0.03888,0.03873,0.03873,245137
1774204200000,0.03873,0.03876,0.03838,0.0385,239577
1774205100000,0.0385,0.03863,0.03848,0.03862,115727
1774206000000,0.03862,0.03863,0.03851,0.03851,58396
1774206900000,0.03851,0.03854,0.03842,0.03853,144221
1774207800000,0.03853,0.03875,0.03841,0.03871,214935
1774208700000,0.03871,0.03871,0.03858,0.03863,19881
1774209600000,0.03863,0.03875,0.03863,0.03873,24364
1774210500000,0.03873,0.03893,0.03873,0.03875,295488
1774211400000,0.03875,0.03895,0.03875,0.03891,300610
1774212300000,0.03891,0.03891,0.03872,0.03874,96813
1774213200000,0.03874,0.03895,0.03844,0.03855,609429
1774214100000,0.03855,0.03864,0.03821,0.0386,668818
1774215000000,0.0386,0.03864,0.03845,0.03846,210498
1774215900000,0.03846,0.03846,0.03822,0.03826,327797
1774216800000,0.03826,0.03855,0.03812,0.03838,301642
1774217700000,0.03838,0.03894,0.03833,0.03887,191866
1774218600000,0.03887,0.03896,0.03885,0.03893,152595
1774219500000,0.03893,0.03901,0.03887,0.03892,72670
1774220400000,0.03892,0.03893,0.03879,0.03889,138013
1774221300000,0.03889,0.03889,0.03867,0.03871,647465
1774222200000,0.03871,0.03872,0.03839,0.03839,253439
1774223100000,0.03839,0.03839,0.03826,0.03835,158707
1774224000000,0.03835,0.03859,0.03827,0.03834,179983
1774224900000,0.03834,0.03844,0.03829,0.03841,176269
1774225800000,0.03841,0.03841,0.03806,0.03822,179405
1774226700000,0.03822,0.03853,0.03822,0.03845,832827
1774227600000,0.03845,0.03868,0.03835,0.03864,1055035
1774228500000,0.03864,0.0388,0.03864,0.03867,100653
1774229400000,0.03867,0.03867,0.03845,0.0385,113493
1774230300000,0.0385,0.0385,0.03833,0.03835,271970
1774231200000,0.03835,0.03855,0.03835,0.03845,167386
1774232100000,0.03845,0.03875,0.03837,0.03872,151666
1774233000000,0.03872,0.03877,0.0386,0.03872,177526
1774233900000,0.03872,0.03874,0.0386,0.03874,195725
1774234800000,0.03874,0.03905,0.03874,0.03879,204225
1774235700000,0.03879,0.03881,0.03876,0.03881,37635
1774236600000,0.03881,0.03887,0.03879,0.03882,69061
1774237500000,0.03882,0.03889,0.03881,0.03887,58249
1774238400000,0.03887,0.03934,0.03887,0.03922,1400611
1774239300000,0.03922,0.03942,0.03915,0.03931,954056
1774240200000,0.03931,0.03947,0.03923,0.03947,70309
1774241100000,0.03947,0.03962,0.03944,0.03962,288901
1774242000000,0.03962,0.03985,0.03955,0.03985,380026
1774242900000,0.03985,0.03986,0.03965,0.03969,382508
1774243800000,0.03969,0.03988,0.03961,0.0398,721202
1774244700000,0.0398,0.0398,0.03965,0.03971,230680
1774245600000,0.03971,0.03972,0.03953,0.03972,271910
1774246500000,0.03972,0.03984,0.03961,0.03964,483894
1774247400000,0.03964,0.03977,0.03941,0.03949,437123
1774248300000,0.03949,0.03965,0.03928,0.03961,959956
1774249200000,0.03961,0.03961,0.03906,0.03918,193641
1774250100000,0.03918,0.03925,0.0389,0.03899,526641
1774251000000,0.03899,0.03929,0.03892,0.03928,408518
1774251900000,0.03928,0.03928,0.03908,0.03908,63125
1774252800000,0.03908,0.03932,0.03903,0.03929,270733
1774253700000,0.03929,0.03939,0.03919,0.03925,100751
1774254600000,0.03925,0.03931,0.0392,0.03925,187535
1774255500000,0.03925,0.03929,0.03917,0.03922,142315
1774256400000,0.03922,0.03939,0.0392,0.03938,205204
1774257300000,0.03938,0.03973,0.03938,0.03971,240337
1774258200000,0.03971,0.03971,0.03929,0.03962,424116
1774259100000,0.03962,0.03992,0.03962,0.03992,266005
1774260000000,0.03992,0.04004,0.03971,0.03988,758269
1774260900000,0.03988,0.03988,0.03948,0.03955,539439
1774261800000,0.03955,0.03962,0.0393,0.03951,328672
1774262700000,0.03951,0.03966,0.03945,0.03966,265745
1774263600000,0.03966,0.04162,0.03966,0.04131,4482309
1774264500000,0.04131,0.04188,0.0407,0.04107,944912
1774265400000,0.04107,0.04123,0.04061,0.04086,225012
1774266300000,0.04086,0.04086,0.04042,0.04043,493960
1774267200000,0.04043,0.04058,0.04019,0.04039,374473
1774268100000,0.04039,0.04048,0.04028,0.04033,79739
1774269000000,0.04033,0.04044,0.04011,0.0404,693309
1774269900000,0.0404,0.04043,0.04019,0.04031,379719
1774270800000,0.04031,0.04037,0.0401,0.04012,106531
1774271700000,0.04012,0.04017,0.04009,0.04017,67189
1774272600000,0.04017,0.04039,0.03995,0.04033,390818
1774273500000,0.04033,0.04055,0.04029,0.04043,421114
1774274400000,0.04043,0.0407,0.04042,0.04062,621487
1774275300000,0.04062,0.04065,0.04032,0.04036,481317
1774276200000,0.04036,0.04036,0.0401,0.0401,218360
1774277100000,0.0401,0.04024,0.04007,0.04022,39942
1774278000000,0.04022,0.0405,0.04017,0.04045,388786
1774278900000,0.04045,0.04045,0.04018,0.04022,609029
1774279800000,0.04022,0.0403,0.04013,0.0402,420668
1774280700000,0.0402,0.04027,0.04,0.04004,395855
1774281600000,0.04004,0.04032,0.04004,0.0403,201984
1774282500000,0.0403,0.04031,0.04,0.04002,122855
1774283400000,0.04002,0.0401,0.03994,0.03994,162423
1774284300000,0.03994,0.04012,0.03994,0.04007,286551
1774285200000,0.04007,0.04012,0.03999,0.04007,93880
1774286100000,0.04007,0.04007,0.03981,0.03991,219817
1774287000000,0.03991,0.04029,0.03984,0.04021,559460
1774287900000,0.04021,0.0403,0.0402,0.0403,39435
1774288800000,0.0403,0.04036,0.04014,0.04022,191808
1774289700000,0.04022,0.04025,0.04016,0.04016,49223
1774290600000,0.04016,0.04031,0.04016,0.0402,25829
1774291500000,0.0402,0.04033,0.04013,0.04032,245746
1774292400000,0.04032,0.04045,0.04026,0.04039,99327
1774293300000,0.04039,0.04045,0.04034,0.04034,207720
1774294200000,0.04034,0.04036,0.04017,0.0402,138247
1774295100000,0.0402,0.04023,0.04014,0.04016,88827
1774296000000,0.04016,0.04033,0.04,0.04033,169950
1774296900000,0.04033,0.04044,0.0403,0.0403,298868
1774297800000,0.0403,0.04064,0.0403,0.04061,189476
1774298700000,0.04061,0.04062,0.04049,0.04062,235779
1774299600000,0.04062,0.04063,0.04029,0.04029,158042
1774300500000,0.04029,0.04029,0.04019,0.04025,51975
1774301400000,0.04025,0.04031,0.04024,0.04024,39468
1774302300000,0.04024,0.04024,0.04015,0.04023,25977
1774303200000,0.04023,0.04023,0.03972,0.03986,436884
1774304100000,0.03986,0.03986,0.03977,0.03981,72294
1774305000000,0.03981,0.03989,0.03972,0.03989,82551
1774305900000,0.03989,0.04015,0.03989,0.0401,538517
1774306800000,0.0401,0.0401,0.0398,0.0398,574018
1774307700000,0.0398,0.03999,0.03972,0.03994,999667
1774308600000,0.03994,0.04023,0.03987,0.0401,422651
1774309500000,0.0401,0.0403,0.0401,0.04024,480072
1774310400000,0.04024,0.04041,0.03997,0.04004,818168
1774311300000,0.04004,0.04024,0.03995,0.04006,452485
1774312200000,0.04006,0.04013,0.03979,0.03996,1867693
1774313100000,0.03996,0.04009,0.03992,0.03993,91012
1774314000000,0.03993,0.03999,0.03983,0.03986,114213
1774314900000,0.03986,0.04011,0.03983,0.03995,114378
1774315800000,0.03995,0.03995,0.03962,0.03969,854107
1774316700000,0.03969,0.0399,0.03966,0.03988,240665
1774317600000,0.03988,0.0401,0.0398,0.0401,108420
1774318500000,0.0401,0.0401,0.03994,0.04005,64716
1774319400000,0.04005,0.0401,0.03994,0.03998,80581
1774320300000,0.03998,0.03998,0.03992,0.03993,18767
1774321200000,0.03993,0.03998,0.03987,0.03996,45444
1774322100000,0.03996,0.04009,0.03991,0.04009,236431
1774323000000,0.04009,0.0401,0.03994,0.04007,179116
1774323900000,0.04007,0.04019,0.04001,0.04015,59509
1774324800000,0.04015,0.04023,0.04003,0.04009,144233
1774325700000,0.04009,0.04013,0.04004,0.0401,8937
1774326600000,0.0401,0.0401,0.03979,0.03981,24695
1774327500000,0.03981,0.03993,0.03981,0.03991,20307
1774328400000,0.03991,0.03991,0.03971,0.03985,191615
1774329300000,0.03985,0.03999,0.03983,0.03994,41563
1774330200000,0.03994,0.04007,0.03985,0.04003,18407
1774331100000,0.04003,0.04011,0.04003,0.04004,45740
1774332000000,0.04004,0.04029,0.04002,0.04026,585525
1774332900000,0.04026,0.0403,0.04003,0.04011,156301
1774333800000,0.04011,0.04028,0.04011,0.04027,24959
1774334700000,0.04027,0.04046,0.04027,0.04037,24426
1774335600000,0.04037,0.0406,0.04034,0.04058,1207842
1774336500000,0.04058,0.04058,0.04037,0.04041,160763
1774337400000,0.04041,0.04042,0.04028,0.04033,92551
1774338300000,0.04033,0.04062,0.04022,0.04057,83942
1774339200000,0.04057,0.04075,0.04055,0.04072,88044
1774340100000,0.04072,0.04072,0.04053,0.04053,33930
1774341000000,0.04053,0.04067,0.04039,0.04048,519862
1774341900000,0.04048,0.04057,0.04046,0.04046,140284
1774342800000,0.04046,0.04046,0.04022,0.04023,161089
1774343700000,0.04023,0.04036,0.0402,0.0403,55219
1774344600000,0.0403,0.04034,0.0402,0.04029,111200
1774345500000,0.04029,0.04029,0.04021,0.04025,73976
1774346400000,0.04025,0.0403,0.04012,0.04025,502019
1774347300000,0.04025,0.04037,0.04025,0.04032,239040
1774348200000,0.04032,0.04036,0.04018,0.0403,103977
1774349100000,0.0403,0.0403,0.04019,0.04019,30107
1774350000000,0.04019,0.04019,0.03972,0.03981,1418631
1774350900000,0.03981,0.03984,0.03975,0.03984,17873
1774351800000,0.03984,0.03997,0.03984,0.03996,148799
1774352700000,0.03996,0.03996,0.03958,0.03978,506018
1774353600000,0.03978,0.04003,0.03968,0.03999,488763
1774354500000,0.03999,0.03999,0.03984,0.03984,72289
1774355400000,0.03984,0.04011,0.03982,0.04011,59838
1774356300000,0.04011,0.04012,0.04003,0.04009,18620
1774357200000,0.04009,0.04009,0.03973,0.03977,66020
1774358100000,0.03977,0.03982,0.03972,0.03982,85513
1774359000000,0.03982,0.03985,0.03933,0.03934,867761
1774359900000,0.03934,0.03948,0.03927,0.03929,236689
1774360800000,0.03929,0.03963,0.03929,0.03934,125354
1774361700000,0.03934,0.0395,0.03933,0.03949,78810
1774362600000,0.03949,0.03949,0.03929,0.03929,485684
1774363500000,0.03929,0.03966,0.03915,0.03957,810993
1774364400000,0.03957,0.03969,0.03957,0.03965,367281
1774365300000,0.03965,0.03988,0.03962,0.03984,172516
1774366200000,0.03984,0.03997,0.03975,0.0399,135012
1774367100000,0.0399,0.0399,0.03971,0.03972,45709
1774368000000,0.03972,0.03972,0.03953,0.03965,571323
1774368900000,0.03965,0.03974,0.03956,0.03962,402095
1774369800000,0.03962,0.03965,0.03946,0.03961,303786
1774370700000,0.03961,0.03966,0.03955,0.03958,16932
1774371600000,0.03958,0.03959,0.03941,0.03952,219029
1774372500000,0.03952,0.03955,0.03942,0.03944,74760
1774373400000,0.03944,0.03951,0.03923,0.03926,280025
1774374300000,0.03926,0.03929,0.03907,0.03922,2063760
1774375200000,0.03922,0.03925,0.03911,0.03911,120102
1774376100000,0.03911,0.03926,0.03911,0.0392,24023
1774377000000,0.0392,0.03963,0.0392,0.03945,22309
1774377900000,0.03945,0.03951,0.03941,0.03942,106829
1774378800000,0.03942,0.03971,0.03942,0.03971,112682
1774379700000,0.03971,0.0398,0.03971,0.03977,16842
1774380600000,0.03977,0.03977,0.03952,0.03966,102903
1774381500000,0.03966,0.03966,0.03949,0.03952,146559
1774382400000,0.03952,0.03953,0.03942,0.03943,14314
1774383300000,0.03943,0.04024,0.03943,0.04001,1078908
1774384200000,0.04001,0.04027,0.04001,0.0401,577255
1774385100000,0.0401,0.04025,0.04002,0.04023,85341
1774386000000,0.04023,0.04032,0.03996,0.03997,266340
1774386900000,0.03997,0.03999,0.03991,0.03994,24095
1774387800000,0.03994,0.04012,0.03994,0.04012,8355
1774388700000,0.04012,0.04021,0.04012,0.04021,14337
1774389600000,0.04021,0.04038,0.04019,0.04022,731563
1774390500000,0.04022,0.04022,0.03993,0.03993,133653
1774391400000,0.03993,0.03993,0.03972,0.03987,858367
1774392300000,0.03987,0.03989,0.03987,0.03988,25192
1774393200000,0.03988,0.04012,0.03988,0.04012,48097
1774394100000,0.04012,0.0402,0.04006,0.04011,274656
1774395000000,0.04011,0.0402,0.0401,0.04011,170171
1774395900000,0.04011,0.04018,0.0401,0.04015,339970
1774396800000,0.04015,0.04025,0.04007,0.04021,497089
1774397700000,0.04021,0.04029,0.04018,0.04029,242395
1774398600000,0.04029,0.04049,0.04005,0.04036,1762188
1774399500000,0.04036,0.04071,0.04026,0.04026,2320806
1774400400000,0.04026,0.04049,0.04023,0.0404,212273
1774401300000,0.0404,0.04046,0.04031,0.04044,102405
1774402200000,0.04044,0.04071,0.04044,0.04063,295753
1774403100000,0.04063,0.04063,0.04049,0.04049,700047
1774404000000,0.04049,0.04059,0.04043,0.04045,147819
1774404900000,0.04045,0.04048,0.04042,0.04046,65811
1774405800000,0.04046,0.04046,0.04029,0.04035,232423
1774406700000,0.04035,0.04039,0.0403,0.04031,23713
1774407600000,0.04031,0.04032,0.04019,0.0402,23233
1774408500000,0.0402,0.04036,0.04019,0.04036,90912
1774409400000,0.04036,0.04048,0.04036,0.04044,51053
1774410300000,0.04044,0.04067,0.04044,0.04062,52184
1774411200000,0.04062,0.04094,0.04059,0.0409,638231
1774412100000,0.0409,0.04091,0.04078,0.04078,297098
1774413000000,0.04078,0.04091,0.04069,0.04091,33638
1774413900000,0.04091,0.04122,0.04083,0.04111,341903
1774414800000,0.04111,0.04111,0.04088,0.04092,869749
1774415700000,0.04092,0.04092,0.04075,0.04084,6645
1774416600000,0.04084,0.04084,0.04084,0.04084,0
1774417500000,0.04084,0.04098,0.04067,0.04076,284089
1774418400000,0.04076,0.04076,0.04054,0.04057,99619
1774419300000,0.04057,0.04092,0.04057,0.04092,194684
1774420200000,0.04092,0.04104,0.04088,0.04102,75435
1774421100000,0.04102,0.04102,0.04064,0.04064,226326
1774422000000,0.04064,0.04068,0.04043,0.04054,151685
1774422900000,0.04054,0.04065,0.0405,0.04062,139386
1774423800000,0.04062,0.04098,0.04062,0.04082,709203
1774424700000,0.04082,0.04084,0.04069,0.04073,298940
1774425600000,0.04073,0.04086,0.0407,0.0407,411895
1774426500000,0.0407,0.04083,0.04064,0.04075,610272
1774427400000,0.04075,0.04079,0.04042,0.04059,610714
1774428300000,0.04059,0.04059,0.04049,0.04049,24167
1774429200000,0.04049,0.04049,0.04037,0.04046,126812
1774430100000,0.04046,0.04055,0.04046,0.04055,7951
1774431000000,0.04055,0.04055,0.04039,0.04049,80707
1774431900000,0.04049,0.04065,0.04049,0.0406,32958
1774432800000,0.0406,0.04067,0.0406,0.04066,189381
1774433700000,0.04066,0.04066,0.04054,0.04061,17541
1774434600000,0.04061,0.04061,0.04046,0.04046,20412
1774435500000,0.04046,0.04055,0.0404,0.04047,101085
1774436400000,0.04047,0.04056,0.04047,0.04053,21330
1774437300000,0.04053,0.04065,0.04053,0.04062,172371
1774438200000,0.04062,0.04073,0.04058,0.04058,75502
1774439100000,0.04058,0.04064,0.04051,0.04064,74910
1774440000000,0.04064,0.04075,0.04061,0.04069,33053
1774440900000,0.04069,0.04069,0.04038,0.04051,76357
1774441800000,0.04051,0.04059,0.04046,0.04051,74582
1774442700000,0.04051,0.0407,0.04044,0.04061,228752
1774443600000,0.04061,0.04062,0.04054,0.04062,45104
1774444500000,0.04062,0.04064,0.04046,0.04047,33758
1774445400000,0.04047,0.04054,0.04038,0.04043,95849
1774446300000,0.04043,0.04043,0.04012,0.04024,450355
1774447200000,0.04024,0.04024,0.04006,0.04008,136160
1774448100000,0.04008,0.04014,0.04006,0.04013,136672
1774449000000,0.04013,0.04015,0.0401,0.04015,28364
1774449900000,0.04015,0.04017,0.04007,0.04014,96883
1774450800000,0.04014,0.04023,0.04008,0.04011,416849
1774451700000,0.04011,0.04018,0.03981,0.04014,873541
1774452600000,0.04014,0.04022,0.04002,0.04002,353437
1774453500000,0.04002,0.04019,0.03998,0.04019,129287
1774454400000,0.04019,0.04019,0.04002,0.04008,11584
1774455300000,0.04008,0.04052,0.04006,0.04039,818036
1774456200000,0.04039,0.04065,0.04033,0.04064,1524767
1774457100000,0.04064,0.04064,0.04039,0.04039,188542
1774458000000,0.04039,0.04058,0.04039,0.04041,16125
1774458900000,0.04041,0.04085,0.04039,0.04079,1104052
1774459800000,0.04079,0.04079,0.04051,0.04056,199649
1774460700000,0.04056,0.04056,0.04031,0.04031,211351
1774461600000,0.04031,0.04041,0.04031,0.0404,16584
1774462500000,0.0404,0.04047,0.0404,0.04041,28911
1774463400000,0.04041,0.04049,0.0404,0.0404,50794
1774464300000,0.0404,0.04049,0.0403,0.04034,26325
1774465200000,0.04034,0.04043,0.04031,0.04032,94806
1774466100000,0.04032,0.04034,0.0403,0.04031,29586
1774467000000,0.04031,0.04034,0.04017,0.04017,60545
1774467900000,0.04017,0.04024,0.04013,0.04015,36810
1774468800000,0.04015,0.04024,0.04015,0.04018,30148
1774469700000,0.04018,0.04028,0.03998,0.0401,196641
1774470600000,0.0401,0.04014,0.04001,0.04013,37334
1774471500000,0.04013,0.04028,0.04011,0.04017,232537
1774472400000,0.04017,0.04026,0.04009,0.04025,83022
1774473300000,0.04025,0.04033,0.04021,0.04021,41057
1774474200000,0.04021,0.04021,0.04021,0.04021,0
1774475100000,0.04021,0.04021,0.04021,0.04021,0
1774476000000,0.04021,0.0404,0.04021,0.04034,8709
1774476900000,0.04034,0.04047,0.04034,0.04043,124826
1774477800000,0.04043,0.04064,0.04036,0.04047,538258
1774478700000,0.04047,0.04055,0.04047,0.04052,5260
1774479600000,0.04052,0.04052,0.04044,0.04045,68867
1774480500000,0.04045,0.04045,0.04024,0.04027,118243
1774481400000,0.04027,0.04029,0.04015,0.04015,258166
1774482300000,0.04015,0.04026,0.04013,0.04018,310390
1774483200000,0.04018,0.04018,0.0401,0.04013,87064
1774484100000,0.04013,0.04017,0.04008,0.04014,77003
1774485000000,0.04014,0.04014,0.04,0.04,49700
1774485900000,0.04,0.04009,0.03995,0.04004,176644
1774486800000,0.04004,0.04008,0.04004,0.04007,4012
1774487700000,0.04007,0.04025,0.04002,0.04024,40844
1774488600000,0.04024,0.04031,0.04019,0.04019,194999
1774489500000,0.04019,0.04019,0.04016,0.04016,2776
1774490400000,0.04016,0.04018,0.0399,0.03993,101545
1774491300000,0.03993,0.03993,0.03977,0.03981,172094
1774492200000,0.03981,0.03981,0.03961,0.03969,40539
1774493100000,0.03969,0.03976,0.03969,0.03976,8327
1774494000000,0.03976,0.03979,0.03968,0.03979,23153
1774494900000,0.03979,0.03979,0.03955,0.03956,235338
1774495800000,0.03956,0.03957,0.03956,0.03957,8821
1774496700000,0.03957,0.0397,0.03957,0.03967,23663
1774497600000,0.03967,0.0397,0.03961,0.03961,95131
1774498500000,0.03961,0.03969,0.03958,0.03969,32473
1774499400000,0.03969,0.03974,0.03969,0.03973,117427
1774500300000,0.03973,0.03991,0.03973,0.03983,88239
1774501200000,0.03983,0.03988,0.03969,0.0397,219356
1774502100000,0.0397,0.03981,0.0397,0.03975,28790
1774503000000,0.03975,0.03975,0.03953,0.03953,49030
1774503900000,0.03953,0.03953,0.03934,0.03943,121799
1774504800000,0.03943,0.03946,0.03936,0.03938,153365
1774505700000,0.03938,0.03945,0.03927,0.03929,39832
1774506600000,0.03929,0.03939,0.03929,0.03935,168927
1774507500000,0.03935,0.03944,0.03932,0.03941,34865
1774508400000,0.03941,0.03949,0.0394,0.03943,51248
1774509300000,0.03943,0.03943,0.03927,0.03931,83558
1774510200000,0.03931,0.03945,0.03928,0.03936,211635
1774511100000,0.03936,0.03943,0.03935,0.03939,20959
1774512000000,0.03939,0.03943,0.03933,0.03939,73697
1774512900000,0.03939,0.03939,0.03929,0.03929,73310
1774513800000,0.03929,0.03934,0.03923,0.03927,159678
1774514700000,0.03927,0.03938,0.03927,0.03934,89905
1774515600000,0.03934,0.03957,0.03932,0.0395,69494
1774516500000,0.0395,0.03954,0.03945,0.03953,59434
1774517400000,0.03953,0.03953,0.039,0.0391,1650200
1774518300000,0.0391,0.03912,0.039,0.03908,30832
1774519200000,0.03908,0.03908,0.03877,0.03877,257929
1774520100000,0.03877,0.03889,0.03877,0.03886,53910
1774521000000,0.03886,0.03896,0.03883,0.03884,95019
1774521900000,0.03884,0.03888,0.03882,0.03884,27687
1774522800000,0.03884,0.0389,0.03875,0.03884,381133
1774523700000,0.03884,0.03884,0.0387,0.03874,117700
1774524600000,0.03874,0.03878,0.03871,0.03872,47177
1774525500000,0.03872,0.03878,0.03869,0.03869,190859
1774526400000,0.03869,0.03873,0.03855,0.03872,177897
1774527300000,0.03872,0.03887,0.03872,0.03887,157030
1774528200000,0.03887,0.03893,0.03884,0.03884,134014
1774529100000,0.03884,0.03885,0.0388,0.03881,59049
1774530000000,0.03881,0.03891,0.03876,0.0388,263931
1774530900000,0.0388,0.0388,0.03872,0.03872,148333
1774531800000,0.03872,0.03878,0.03869,0.03872,156289
1774532700000,0.03872,0.03918,0.03872,0.03903,318027
1774533600000,0.03903,0.0392,0.03894,0.03898,174230
1774534500000,0.03898,0.039,0.03887,0.03897,121101
1774535400000,0.03897,0.03906,0.03893,0.03896,37760
1774536300000,0.03896,0.03896,0.03874,0.03885,55778
1774537200000,0.03885,0.03885,0.03863,0.03863,89200
1774538100000,0.03863,0.0387,0.03843,0.03869,555083
1774539000000,0.03869,0.03869,0.03859,0.03859,158474
1774539900000,0.03859,0.03868,0.03854,0.03856,83614
1774540800000,0.03856,0.03864,0.03854,0.03863,129188
1774541700000,0.03863,0.03868,0.03852,0.03855,213395
1774542600000,0.03855,0.03864,0.03853,0.03854,25186
1774543500000,0.03854,0.03854,0.03846,0.03846,31344
1774544400000,0.03846,0.0385,0.03837,0.03841,185091
1774545300000,0.03841,0.03849,0.03841,0.03847,87511
1774546200000,0.03847,0.03878,0.03847,0.03878,144117
1774547100000,0.03878,0.03878,0.03842,0.03843,227737
1774548000000,0.03843,0.03852,0.03833,0.03848,144552
1774548900000,0.03848,0.03848,0.0382,0.03835,923433
1774549800000,0.03835,0.03841,0.03834,0.03836,54885
1774550700000,0.03836,0.03841,0.03833,0.03839,51591
1774551600000,0.03839,0.0384,0.03837,0.03837,30100
1774552500000,0.03837,0.03843,0.03827,0.03827,110213
1774553400000,0.03827,0.03831,0.03825,0.03825,94032
1774554300000,0.03825,0.03837,0.03825,0.03827,73270
1774555200000,0.03827,0.03899,0.03816,0.03874,2151460
1774556100000,0.03874,0.03902,0.03873,0.03883,554048
1774557000000,0.03883,0.03897,0.03883,0.03897,30817
1774557900000,0.03897,0.039,0.03875,0.03877,50475
1774558800000,0.03877,0.039,0.03872,0.039,93988
1774559700000,0.039,0.03911,0.03896,0.03905,132978
1774560600000,0.03905,0.03918,0.03905,0.03913,3943
1774561500000,0.03913,0.0392,0.0391,0.0391,26520
1774562400000,0.0391,0.03918,0.03905,0.03905,26143
1774563300000,0.03905,0.03905,0.03886,0.03898,73008
1774564200000,0.03898,0.03898,0.03897,0.03897,44908
1774565100000,0.03897,0.03912,0.03897,0.03909,11285
1774566000000,0.03909,0.03934,0.03909,0.03927,163614
1774566900000,0.03927,0.03927,0.0391,0.03913,111986
1774567800000,0.03913,0.03916,0.03887,0.03897,217117
1774568700000,0.03897,0.03912,0.03897,0.03912,38178
1774569600000,0.03912,0.0392,0.03898,0.03912,98370
1774570500000,0.03912,0.03912,0.03895,0.03896,96764
1774571400000,0.03896,0.0392,0.03896,0.03909,118061
1774572300000,0.03909,0.0391,0.03902,0.03907,58220
1774573200000,0.03907,0.03912,0.03901,0.03912,19235
1774574100000,0.03912,0.03912,0.03903,0.03904,97544
1774575000000,0.03904,0.03907,0.03894,0.03895,126100
1774575900000,0.03895,0.03902,0.0389,0.03899,60589
1774576800000,0.03899,0.03907,0.03899,0.03907,11449
1774577700000,0.03907,0.03923,0.03907,0.03923,32674
1774578600000,0.03923,0.03926,0.03913,0.03913,133098
1774579500000,0.03913,0.03913,0.03905,0.03908,26818
1774580400000,0.03908,0.03908,0.03886,0.03887,24679
1774581300000,0.03887,0.03892,0.03882,0.03884,105429
1774582200000,0.03884,0.03893,0.03884,0.03885,7476
1774583100000,0.03885,0.03885,0.03878,0.03881,46949
1774584000000,0.03881,0.03881,0.03852,0.03858,366343
1774584900000,0.03858,0.03883,0.03858,0.03883,26557
1774585800000,0.03883,0.03886,0.03882,0.03882,76424
1774586700000,0.03882,0.03882,0.03871,0.03874,128672
1774587600000,0.03874,0.03897,0.03872,0.03897,330641
1774588500000,0.03897,0.03897,0.03873,0.03874,152403
1774589400000,0.03874,0.0388,0.03865,0.03866,55372
1774590300000,0.03866,0.03867,0.03857,0.03865,108029
1774591200000,0.03865,0.03875,0.03865,0.03866,24164
1774592100000,0.03866,0.03868,0.03859,0.03865,8082
1774593000000,0.03865,0.03872,0.03865,0.0387,7204
1774593900000,0.0387,0.03877,0.0387,0.03875,20539
1774594800000,0.03875,0.03888,0.03873,0.03888,63602
1774595700000,0.03888,0.0389,0.03882,0.03889,9371
1774596600000,0.03889,0.03892,0.03884,0.03887,55392
1774597500000,0.03887,0.03897,0.03887,0.03897,49864
1774598400000,0.03897,0.03911,0.03896,0.03897,307797
1774599300000,0.03897,0.03897,0.03888,0.03888,78811
1774600200000,0.03888,0.03888,0.0385,0.03866,300430
1774601100000,0.03866,0.03905,0.03866,0.03886,193244
1774602000000,0.03886,0.03886,0.0383,0.03835,214587
1774602900000,0.03835,0.03857,0.03835,0.03854,61963
1774603800000,0.03854,0.03854,0.03837,0.03837,102969
1774604700000,0.03837,0.03844,0.03836,0.03836,6194
1774605600000,0.03836,0.03836,0.03826,0.03827,47068
1774606500000,0.03827,0.03837,0.03825,0.03836,19858
1774607400000,0.03836,0.03839,0.03764,0.03779,2511867
1774608300000,0.03779,0.03779,0.03716,0.0372,756075
1774609200000,0.0372,0.03723,0.03698,0.03719,166919
1774610100000,0.03719,0.03731,0.03718,0.03718,228499
1774611000000,0.03718,0.03732,0.03718,0.03732,52940
1774611900000,0.03732,0.03732,0.0372,0.03723,69527
1774612800000,0.03723,0.03723,0.03707,0.03718,116817
1774613700000,0.03718,0.03719,0.03715,0.03719,43372
1774614600000,0.03719,0.03723,0.0371,0.0372,54639
1774615500000,0.0372,0.03732,0.0372,0.03728,35041
1774616400000,0.03728,0.03738,0.03728,0.03731,245687
1774617300000,0.03731,0.03742,0.03731,0.03742,6254
1774618200000,0.03742,0.03747,0.03708,0.03744,291400
1774619100000,0.03744,0.03748,0.03713,0.03725,47336
1774620000000,0.03725,0.0375,0.03725,0.0375,506380
1774620900000,0.0375,0.0375,0.03714,0.03716,112315
1774621800000,0.03716,0.03731,0.03713,0.03726,83953
1774622700000,0.03726,0.03741,0.03726,0.03741,5981
1774623600000,0.03741,0.03757,0.03741,0.03748,206847
1774624500000,0.03748,0.03769,0.03739,0.03755,185766
1774625400000,0.03755,0.03783,0.03755,0.03765,116318
1774626300000,0.03765,0.03774,0.03746,0.03746,265720
1774627200000,0.03746,0.03748,0.03731,0.03745,235720
1774628100000,0.03745,0.03745,0.03733,0.03737,41827
1774629000000,0.03737,0.03747,0.03736,0.03744,20306
1774629900000,0.03744,0.03758,0.03742,0.03742,13289
1774630800000,0.03742,0.03769,0.03742,0.0376,548126
1774631700000,0.0376,0.0376,0.03744,0.03744,60336
1774632600000,0.03744,0.03749,0.03736,0.03739,75231
1774633500000,0.03739,0.0374,0.03726,0.03737,104452
1774634400000,0.03737,0.03748,0.03737,0.03742,84247
1774635300000,0.03742,0.03747,0.03725,0.03731,101500
1774636200000,0.03731,0.03737,0.03731,0.03735,9844
1774637100000,0.03735,0.03744,0.03735,0.03744,10597
1774638000000,0.03744,0.03744,0.03735,0.03742,17727
1774638900000,0.03742,0.03762,0.03742,0.03762,31000
1774639800000,0.03762,0.03776,0.03762,0.03766,215955
1774640700000,0.03766,0.03772,0.03763,0.03772,56516
1774641600000,0.03772,0.03777,0.03768,0.03768,11839
1774642500000,0.03768,0.03768,0.03745,0.03746,408887
1774643400000,0.03746,0.03752,0.03746,0.03752,4026
1774644300000,0.03752,0.03757,0.03751,0.03757,2630
1774645200000,0.03757,0.03766,0.03757,0.03766,57553
1774646100000,0.03766,0.03766,0.03754,0.03754,8709
1774647000000,0.03754,0.03759,0.03754,0.03758,2938
1774647900000,0.03758,0.03758,0.03742,0.03742,27777
1774648800000,0.03742,0.03742,0.03731,0.03735,8960
1774649700000,0.03735,0.03736,0.03727,0.03727,2372
1774650600000,0.03727,0.03729,0.03719,0.0372,179450
1774651500000,0.0372,0.03732,0.0372,0.0373,135006
1774652400000,0.0373,0.03731,0.0372,0.03731,77913
1774653300000,0.03731,0.03731,0.03728,0.0373,32258
1774654200000,0.0373,0.03736,0.0373,0.03736,16652
1774655100000,0.03736,0.03739,0.03736,0.03739,27376
1774656000000,0.03739,0.03743,0.0373,0.03732,96187
1774656900000,0.03732,0.03732,0.03723,0.03728,61828
1774657800000,0.03728,0.03736,0.03728,0.0373,105885
1774658700000,0.0373,0.0373,0.03713,0.03713,70847
1774659600000,0.03713,0.03713,0.03684,0.03686,496604
1774660500000,0.03686,0.0369,0.03678,0.03678,44505
1774661400000,0.03678,0.03684,0.0366,0.03675,420340
1774662300000,0.03675,0.03696,0.03675,0.03694,28859
1774663200000,0.03694,0.03715,0.03694,0.03703,120532
1774664100000,0.03703,0.03707,0.03692,0.03693,65152
1774665000000,0.03693,0.03695,0.03682,0.03689,88392
1774665900000,0.03689,0.03692,0.03688,0.03691,15494
1774666800000,0.03691,0.03696,0.0369,0.03693,63580
1774667700000,0.03693,0.03699,0.03693,0.03699,2341
1774668600000,0.03699,0.03702,0.03699,0.03699,12527
1774669500000,0.03699,0.03699,0.03696,0.03698,16464
1774670400000,0.03698,0.03703,0.0369,0.0369,95068
1774671300000,0.0369,0.03702,0.0369,0.03702,215054
1774672200000,0.03702,0.03703,0.03697,0.03701,57887
1774673100000,0.03701,0.03704,0.037,0.037,52995
1774674000000,0.037,0.03704,0.03696,0.03704,19051
1774674900000,0.03704,0.03713,0.03704,0.0371,65707
1774675800000,0.0371,0.0371,0.03703,0.03706,23960
1774676700000,0.03706,0.03713,0.03706,0.0371,34002
1774677600000,0.0371,0.0371,0.03703,0.03706,53256
1774678500000,0.03706,0.03723,0.03706,0.03723,608952
1774679400000,0.03723,0.03729,0.03715,0.03721,536982
1774680300000,0.03721,0.03726,0.03717,0.03726,31803
1774681200000,0.03726,0.03745,0.03726,0.03745,27508
1774682100000,0.03745,0.03756,0.03745,0.03755,113935
1774683000000,0.03755,0.03764,0.03755,0.03763,18505
1774683900000,0.03763,0.03763,0.03759,0.03759,6678
1774684800000,0.03759,0.03763,0.03758,0.03758,7749
1774685700000,0.03758,0.03762,0.03756,0.03762,82115
1774686600000,0.03762,0.03762,0.03754,0.03754,2561
1774687500000,0.03754,0.03758,0.03749,0.03752,6865
1774688400000,0.03752,0.03752,0.03743,0.0375,79212
1774689300000,0.0375,0.0375,0.03743,0.0375,32720
1774690200000,0.0375,0.0375,0.03742,0.03744,23867
1774691100000,0.03744,0.0375,0.03744,0.0375,217
1774692000000,0.0375,0.03761,0.0375,0.03759,6313
1774692900000,0.03759,0.03759,0.03735,0.03735,8743
1774693800000,0.03735,0.03735,0.03729,0.03731,2940
1774694700000,0.03731,0.03733,0.03731,0.03732,5016
1774695600000,0.03732,0.0374,0.03732,0.03737,17621
1774696500000,0.03737,0.03745,0.03737,0.03744,50506
1774697400000,0.03744,0.03752,0.03744,0.03752,14461
1774698300000,0.03752,0.03757,0.03752,0.03755,28443
1774699200000,0.03755,0.0376,0.03742,0.03755,110590
1774700100000,0.03755,0.03764,0.03753,0.03762,124079
1774701000000,0.03762,0.03762,0.03737,0.03738,55332
1774701900000,0.03738,0.03746,0.03738,0.03746,217
1774702800000,0.03746,0.03746,0.0374,0.03746,2409
1774703700000,0.03746,0.03755,0.03746,0.03754,6679
1774704600000,0.03754,0.03817,0.03754,0.03807,652597
1774705500000,0.03807,0.0381,0.038,0.038,81572
1774706400000,0.038,0.038,0.03779,0.03779,43090
1774707300000,0.03779,0.03786,0.03773,0.03782,124389
1774708200000,0.03782,0.03788,0.03768,0.03788,62127
1774709100000,0.03788,0.03788,0.03762,0.03764,646874
1774710000000,0.03764,0.03769,0.03762,0.03769,92361
1774710900000,0.03769,0.03804,0.03769,0.03778,975328
1774711800000,0.03778,0.0378,0.03771,0.03775,30986
1774712700000,0.03775,0.03776,0.03772,0.03775,59232
1774713600000,0.03775,0.03784,0.03775,0.03781,62713
1774714500000,0.03781,0.03789,0.03779,0.03787,80222
1774715400000,0.03787,0.03787,0.03783,0.03785,70135
1774716300000,0.03785,0.03822,0.03785,0.03822,1064214
1774717200000,0.03822,0.03843,0.03822,0.03836,92218
1774718100000,0.03836,0.03841,0.03825,0.0383,228376
1774719000000,0.0383,0.03834,0.03815,0.03821,194612
1774719900000,0.03821,0.03822,0.0382,0.0382,23226
1774720800000,0.0382,0.03844,0.03818,0.03841,57444
1774721700000,0.03841,0.03841,0.03827,0.03829,89731
1774722600000,0.03829,0.03835,0.03825,0.03835,32597
1774723500000,0.03835,0.0384,0.03834,0.03835,59209
1774724400000,0.03835,0.03838,0.03818,0.03821,44578
1774725300000,0.03821,0.03821,0.03821,0.03821,2102
1774726200000,0.03821,0.03855,0.03821,0.03852,47112
1774727100000,0.03852,0.03864,0.03844,0.03847,87167
1774728000000,0.03847,0.03847,0.03823,0.03828,315737
1774728900000,0.03828,0.03828,0.0381,0.0381,36066
1774729800000,0.0381,0.03815,0.03807,0.03809,48096
1774730700000,0.03809,0.03817,0.03809,0.03817,567
1774731600000,0.03817,0.03817,0.03797,0.03797,17705
1774732500000,0.03797,0.03797,0.03797,0.03797,0
1774733400000,0.03797,0.03798,0.0379,0.0379,22169
1774734300000,0.0379,0.03792,0.03775,0.03787,157017
1774735200000,0.03787,0.03787,0.03773,0.03779,147220
1774736100000,0.03779,0.03786,0.03779,0.03786,627
1774737000000,0.03786,0.03794,0.03786,0.03794,19823
1774737900000,0.03794,0.03794,0.03794,0.03794,0
1774738800000,0.03794,0.03794,0.03742,0.0375,115625
1774739700000,0.0375,0.03765,0.03741,0.03764,38043
1774740600000,0.03764,0.03764,0.03761,0.03761,12458
1774741500000,0.03761,0.03762,0.03751,0.03762,38442
1774742400000,0.03762,0.03766,0.03731,0.03731,148425
1774743300000,0.03731,0.03739,0.03726,0.03735,40137
1774744200000,0.03735,0.03749,0.03732,0.03742,59653
1774745100000,0.03742,0.03744,0.03734,0.03744,43694
1774746000000,0.03744,0.03749,0.03736,0.03744,216555
1774746900000,0.03744,0.03748,0.03744,0.03744,3269
1774747800000,0.03744,0.03745,0.03736,0.03745,19395
1774748700000,0.03745,0.03749,0.03737,0.03744,194347
1774749600000,0.03744,0.03747,0.03744,0.03746,21674
1774750500000,0.03746,0.03748,0.03743,0.03747,32722
1774751400000,0.03747,0.03759,0.03747,0.03757,41871
1774752300000,0.03757,0.03761,0.03753,0.03761,203764
1774753200000,0.03761,0.03761,0.03752,0.03755,166006
1774754100000,0.03755,0.03775,0.03753,0.03767,472819
1774755000000,0.03767,0.03767,0.03753,0.03753,5447
1774755900000,0.03753,0.03764,0.03753,0.03764,15410
1774756800000,0.03764,0.03764,0.0376,0.0376,19940
1774757700000,0.0376,0.0376,0.03754,0.03754,1094
1774758600000,0.03754,0.03754,0.03743,0.0375,46722
1774759500000,0.0375,0.03752,0.0375,0.03752,1919
1774760400000,0.03752,0.03752,0.03742,0.03746,19316
1774761300000,0.03746,0.03746,0.03738,0.03739,73877
1774762200000,0.03739,0.03739,0.03735,0.03738,2115
1774763100000,0.03738,0.0375,0.03738,0.03746,93367
1774764000000,0.03746,0.03746,0.03743,0.03743,3743
1774764900000,0.03743,0.03752,0.0374,0.03746,73696
1774765800000,0.03746,0.03746,0.03737,0.03737,177
1774766700000,0.03737,0.03745,0.03737,0.03741,26530
1774767600000,0.03741,0.03741,0.03728,0.03736,100627
1774768500000,0.03736,0.03736,0.03736,0.03736,151
1774769400000,0.03736,0.03737,0.03731,0.03731,4849
1774770300000,0.03731,0.03736,0.03729,0.03729,4630
1774771200000,0.03729,0.03731,0.03719,0.03725,157034
1774772100000,0.03725,0.03731,0.03724,0.03731,36949
1774773000000,0.03731,0.03738,0.03731,0.03737,17847
1774773900000,0.03737,0.03737,0.03734,0.03734,2791
1774774800000,0.03734,0.03735,0.0373,0.03733,14848
1774775700000,0.03733,0.03736,0.03733,0.03735,6216
1774776600000,0.03735,0.03746,0.0373,0.03731,391207
1774777500000,0.03731,0.03731,0.03728,0.03728,2250
1774778400000,0.03728,0.03728,0.03713,0.03713,104487
1774779300000,0.03713,0.03717,0.03702,0.03702,17548
1774780200000,0.03702,0.03706,0.03693,0.03706,64753
1774781100000,0.03706,0.03709,0.03706,0.03709,2329
1774782000000,0.03709,0.03728,0.03709,0.03724,166311
1774782900000,0.03724,0.03725,0.03713,0.03721,31311
1774783800000,0.03721,0.03724,0.03717,0.03722,183122
1774784700000,0.03722,0.03727,0.03717,0.03719,95585
1774785600000,0.03719,0.03719,0.03711,0.03712,54386
1774786500000,0.03712,0.03712,0.03703,0.03709,605240
1774787400000,0.03709,0.03709,0.03693,0.03693,25407
1774788300000,0.03693,0.03704,0.03685,0.03703,13155
1774789200000,0.03703,0.03705,0.03674,0.03683,205735
1774790100000,0.03683,0.037,0.03679,0.03697,68234
1774791000000,0.03697,0.03701,0.03697,0.03701,8918
1774791900000,0.03701,0.03701,0.0369,0.0369,85735
1774792800000,0.0369,0.03711,0.0368,0.037,1050880
1774793700000,0.037,0.03705,0.03692,0.037,29049
1774794600000,0.037,0.037,0.03695,0.03695,41314
1774795500000,0.03695,0.03695,0.03688,0.0369,201927
1774796400000,0.0369,0.03705,0.03684,0.03687,174021
1774797300000,0.03687,0.03693,0.03674,0.0368,327135
1774798200000,0.0368,0.03689,0.03678,0.03688,24591
1774799100000,0.03688,0.03698,0.03688,0.03698,31258
1774800000000,0.03698,0.03698,0.03696,0.03697,26181
1774800900000,0.03697,0.03716,0.03691,0.03714,142878
1774801800000,0.03714,0.03714,0.037,0.037,236883
1774802700000,0.037,0.037,0.03696,0.03698,14571
1774803600000,0.03698,0.03702,0.03698,0.03699,22097
1774804500000,0.03699,0.03699,0.03679,0.03682,24647
1774805400000,0.03682,0.03696,0.03677,0.03696,815559
1774806300000,0.03696,0.03696,0.03693,0.03695,789
1774807200000,0.03695,0.03697,0.0369,0.03697,26850
1774808100000,0.03697,0.03707,0.03695,0.03697,5873
1774809000000,0.03697,0.03732,0.03697,0.03731,239610
1774809900000,0.03731,0.03731,0.03727,0.03728,21827
1774810800000,0.03728,0.03728,0.03714,0.03714,16834
1774811700000,0.03714,0.0372,0.03712,0.03714,90624
1774812600000,0.03714,0.03714,0.03708,0.03708,5573
1774813500000,0.03708,0.03708,0.03695,0.03695,9035
1774814400000,0.03695,0.03717,0.03695,0.03717,22444
1774815300000,0.03717,0.03734,0.0371,0.03733,47412
1774816200000,0.03733,0.03733,0.0372,0.0372,5784
1774817100000,0.0372,0.03727,0.03718,0.03727,2618
1774818000000,0.03727,0.03755,0.03727,0.03743,325765
1774818900000,0.03743,0.03743,0.03739,0.03742,28942
1774819800000,0.03742,0.03742,0.03742,0.03742,12412
1774820700000,0.03742,0.03756,0.03742,0.03756,54728
1774821600000,0.03756,0.03756,0.03728,0.03728,31694
1774822500000,0.03728,0.03728,0.03728,0.03728,0
1774823400000,0.03728,0.03739,0.03686,0.03696,95778
1774824300000,0.03696,0.03706,0.03632,0.037,1662507
1774825200000,0.037,0.03725,0.037,0.03701,247519
1774826100000,0.03701,0.03712,0.037,0.03701,15424
1774827000000,0.03701,0.03703,0.03689,0.03697,305730
1774827900000,0.03697,0.03709,0.03691,0.03707,153856
1774828800000,0.03707,0.03716,0.03706,0.03712,74349
1774829700000,0.03712,0.0378,0.03712,0.03767,1317645
1774830600000,0.03767,0.03767,0.0373,0.03733,64261
1774831500000,0.03733,0.0374,0.03728,0.03736,67496
1774832400000,0.03736,0.03768,0.03736,0.03766,76480
1774833300000,0.03766,0.03774,0.03761,0.03774,215754
1774834200000,0.03774,0.0378,0.03769,0.03779,43500
1774835100000,0.03779,0.03794,0.03779,0.03787,131262
1774836000000,0.03787,0.03802,0.03787,0.03797,9464
1774836900000,0.03797,0.03797,0.03782,0.0379,19347
1774837800000,0.0379,0.03805,0.03785,0.03805,122095
1774838700000,0.03805,0.03827,0.03804,0.03816,450460
1774839600000,0.03816,0.03817,0.03805,0.03806,44643
1774840500000,0.03806,0.03821,0.03806,0.03818,34089
1774841400000,0.03818,0.03818,0.03814,0.03816,13837
1774842300000,0.03816,0.03818,0.03815,0.03817,9674
1774843200000,0.03817,0.03836,0.03817,0.03835,126130
1774844100000,0.03835,0.03836,0.03831,0.03834,25344
1774845000000,0.03834,0.03834,0.0383,0.0383,15291
1774845900000,0.0383,0.03832,0.03829,0.03829,210650
1774846800000,0.03829,0.03849,0.03829,0.03844,246514
1774847700000,0.03844,0.03845,0.03832,0.03832,63361
1774848600000,0.03832,0.0384,0.03828,0.0383,80497
1774849500000,0.0383,0.0383,0.03824,0.03825,209593
1774850400000,0.03825,0.03834,0.03825,0.03834,64203
1774851300000,0.03834,0.03834,0.03824,0.03827,17544
1774852200000,0.03827,0.03828,0.03819,0.03823,83889
1774853100000,0.03823,0.03835,0.03823,0.03829,10700
1774854000000,0.03829,0.0384,0.03829,0.0384,13773
1774854900000,0.0384,0.0384,0.0384,0.0384,0
1774855800000,0.0384,0.0384,0.03832,0.03834,6465
1774856700000,0.03834,0.03879,0.03834,0.03861,645500
1774857600000,0.03861,0.03872,0.03857,0.03872,108750
1774858500000,0.03872,0.0388,0.0387,0.03872,36668
1774859400000,0.03872,0.03886,0.03871,0.03872,95683
1774860300000,0.03872,0.03873,0.0386,0.0386,42208
1774861200000,0.0386,0.03861,0.03851,0.03851,9919
1774862100000,0.03851,0.03855,0.03851,0.03851,12458
1774863000000,0.03851,0.03851,0.03834,0.03838,27304
1774863900000,0.03838,0.0384,0.03834,0.03835,16730
1774864800000,0.03835,0.03839,0.0383,0.03835,99656
1774865700000,0.03835,0.03844,0.03835,0.03844,60337
1774866600000,0.03844,0.03848,0.03842,0.03848,24167
1774867500000,0.03848,0.03864,0.03848,0.03859,49554
1774868400000,0.03859,0.0387,0.03859,0.03869,28231
1774869300000,0.03869,0.039,0.03855,0.03855,1519908
1774870200000,0.03855,0.03884,0.03855,0.0388,123775
1774871100000,0.0388,0.03881,0.03871,0.03873,264817
1774872000000,0.03873,0.03879,0.03868,0.03868,154130
1774872900000,0.03868,0.03871,0.03863,0.03866,14841
1774873800000,0.03866,0.03874,0.03866,0.03867,34155
1774874700000,0.03867,0.03867,0.03858,0.03859,46295
1774875600000,0.03859,0.03866,0.03852,0.03861,84621
1774876500000,0.03861,0.03869,0.03857,0.03858,255822
1774877400000,0.03858,0.03858,0.0384,0.03844,682546
1774878300000,0.03844,0.0385,0.03837,0.03837,21535
1774879200000,0.03837,0.03847,0.03834,0.03845,473361
1774880100000,0.03845,0.03848,0.03834,0.03841,88716
1774881000000,0.03841,0.03842,0.0382,0.03831,108767
1774881900000,0.03831,0.03867,0.03831,0.03867,1320231
1774882800000,0.03867,0.0387,0.03847,0.0385,52280
1774883700000,0.0385,0.03858,0.03846,0.03858,23715
1774884600000,0.03858,0.03873,0.03857,0.0387,54057
1774885500000,0.0387,0.0387,0.03867,0.03867,10329
1774886400000,0.03867,0.03889,0.03863,0.03888,754531
1774887300000,0.03888,0.03888,0.03857,0.0386,958126
1774888200000,0.0386,0.03865,0.0386,0.03865,2035
1774889100000,0.03865,0.03867,0.03864,0.03867,6624
1774890000000,0.03867,0.03873,0.03854,0.03857,6169
1774890900000,0.03857,0.03857,0.03823,0.03828,82756
1774891800000,0.03828,0.03831,0.03826,0.03826,58635
1774892700000,0.03826,0.03837,0.03825,0.03828,13541
1774893600000,0.03828,0.03828,0.03805,0.03807,214314
1774894500000,0.03807,0.0381,0.03796,0.03802,92290
1774895400000,0.03802,0.03817,0.038,0.03813,52669
1774896300000,0.03813,0.03813,0.03795,0.03798,44338
1774897200000,0.03798,0.03801,0.03765,0.0378,555916
1774898100000,0.0378,0.03781,0.0377,0.0377,24589
1774899000000,0.0377,0.03787,0.0377,0.03775,22875
1774899900000,0.03775,0.0379,0.03775,0.03788,77318
1774900800000,0.03788,0.0379,0.03782,0.03782,3031
1774901700000,0.03782,0.03782,0.03778,0.03778,179
1774902600000,0.03778,0.0378,0.03777,0.03777,28263
1774903500000,0.03777,0.03787,0.03777,0.03787,3574
1774904400000,0.03787,0.03833,0.03785,0.03833,87028
1774905300000,0.03833,0.03839,0.03829,0.03839,21032
1774906200000,0.03839,0.03851,0.03839,0.03851,11942
1774907100000,0.03851,0.03851,0.03842,0.03842,3904
1774908000000,0.03842,0.03851,0.03842,0.03851,42797
1774908900000,0.03851,0.03851,0.03833,0.03833,105809
1774909800000,0.03833,0.03833,0.03826,0.03827,3829
1774910700000,0.03827,0.03827,0.03825,0.03825,1907
1774911600000,0.03825,0.03825,0.03793,0.03796,224639
1774912500000,0.03796,0.03814,0.03796,0.03803,65370
1774913400000,0.03803,0.0381,0.03803,0.0381,1872
1774914300000,0.0381,0.0381,0.03805,0.03806,2795
1774915200000,0.03806,0.03816,0.03801,0.03802,137492
1774916100000,0.03802,0.0381,0.03795,0.0381,150947
1774917000000,0.0381,0.0381,0.03807,0.03808,4996
1774917900000,0.03808,0.03818,0.03808,0.03808,100448
1774918800000,0.03808,0.0382,0.03808,0.03808,9894
1774919700000,0.03808,0.03817,0.03808,0.03817,11976
1774920600000,0.03817,0.03867,0.03817,0.03856,511924
1774921500000,0.03856,0.03876,0.0385,0.03876,109244
1774922400000,0.03876,0.03883,0.03873,0.03883,30541
1774923300000,0.03883,0.03903,0.03881,0.03884,154223
1774924200000,0.03884,0.03886,0.03879,0.0388,19792
1774925100000,0.0388,0.03886,0.03871,0.03871,77672
1774926000000,0.03871,0.03871,0.0385,0.0385,55132
1774926900000,0.0385,0.0385,0.03834,0.03837,53215
1774927800000,0.03837,0.03851,0.03837,0.03844,87425
1774928700000,0.03844,0.0385,0.03844,0.03847,25259
1774929600000,0.03847,0.03852,0.03839,0.03843,84072
1774930500000,0.03843,0.03855,0.03841,0.03841,247049
1774931400000,0.03841,0.03854,0.03841,0.03852,10213
1774932300000,0.03852,0.03852,0.03843,0.03843,3822
1774933200000,0.03843,0.03848,0.03835,0.03846,36256
1774934100000,0.03846,0.03861,0.0384,0.03861,127919
1774935000000,0.03861,0.03872,0.03854,0.03865,462944
1774935900000,0.03865,0.03873,0.03864,0.03873,6824
1774936800000,0.03873,0.03873,0.03863,0.03867,108497
1774937700000,0.03867,0.0387,0.03863,0.03865,9406
1774938600000,0.03865,0.0388,0.03865,0.03872,82459
1774939500000,0.03872,0.03881,0.03871,0.0388,5242
1774940400000,0.0388,0.0388,0.03852,0.03854,44038
1774941300000,0.03854,0.03863,0.03846,0.03863,247298
1774942200000,0.03863,0.03874,0.03861,0.03874,105159
1774943100000,0.03874,0.03899,0.03874,0.03879,48447
1774944000000,0.03879,0.0389,0.03877,0.03877,66438
1774944900000,0.03877,0.03892,0.03876,0.03888,31618
1774945800000,0.03888,0.03889,0.03846,0.03846,226398
1774946700000,0.03846,0.03858,0.0384,0.03842,158138
1774947600000,0.03842,0.03852,0.03821,0.03827,953308
1774948500000,0.03827,0.03828,0.0381,0.03814,347544
1774949400000,0.03814,0.03837,0.03812,0.03837,254443
1774950300000,0.03837,0.0384,0.03792,0.03801,946218
1774951200000,0.03801,0.03812,0.03801,0.0381,27223
1774952100000,0.0381,0.03827,0.0381,0.03816,1170337
1774953000000,0.03816,0.03816,0.03799,0.03799,105665
1774953900000,0.03799,0.03799,0.03796,0.03798,48980
1774954800000,0.03798,0.03813,0.03774,0.03801,1765612
1774955700000,0.03801,0.0382,0.03796,0.03796,96782
1774956600000,0.03796,0.03814,0.03796,0.03808,26526
1774957500000,0.03808,0.03808,0.03802,0.03806,16918
1774958400000,0.03806,0.03831,0.03806,0.03814,426385
1774959300000,0.03814,0.03821,0.03803,0.03811,883431
1774960200000,0.03811,0.03822,0.03811,0.03813,3535
1774961100000,0.03813,0.03813,0.03801,0.03809,86970
1774962000000,0.03809,0.03823,0.03809,0.03823,3803
1774962900000,0.03823,0.03824,0.0382,0.0382,1156
1774963800000,0.0382,0.03835,0.0382,0.03824,8770
1774964700000,0.03824,0.03852,0.03824,0.03842,2428619
1774965600000,0.03842,0.03853,0.03832,0.03853,38683
1774966500000,0.03853,0.03887,0.03853,0.03876,877171
1774967400000,0.03876,0.03876,0.0384,0.03846,228689
1774968300000,0.03846,0.03846,0.03812,0.03831,609402
1774969200000,0.03831,0.03877,0.03831,0.03877,64420
1774970100000,0.03877,0.03877,0.03852,0.03852,32311
1774971000000,0.03852,0.03855,0.03823,0.03823,827414
1774971900000,0.03823,0.03839,0.03814,0.03824,1269299
1774972800000,0.03824,0.03847,0.03818,0.03837,82031
1774973700000,0.03837,0.03847,0.03837,0.03842,41826
1774974600000,0.03842,0.03896,0.03842,0.03893,160841
1774975500000,0.03893,0.03893,0.03864,0.0387,844054
1774976400000,0.0387,0.0391,0.0387,0.03908,186709
1774977300000,0.03908,0.03909,0.03881,0.03881,140037
1774978200000,0.03881,0.03883,0.03858,0.03867,228280
1774979100000,0.03867,0.03871,0.03865,0.03867,25087
1774980000000,0.03867,0.03878,0.03867,0.03878,1036
1774980900000,0.03878,0.03893,0.03875,0.03877,20215
1774981800000,0.03877,0.03887,0.03877,0.03879,7002
1774982700000,0.03879,0.03896,0.03879,0.03895,22224
1774983600000,0.03895,0.03909,0.03895,0.03909,54385
1774984500000,0.03909,0.03911,0.03898,0.039,16793
1774985400000,0.039,0.03903,0.039,0.03902,3521
1774986300000,0.03902,0.03906,0.03899,0.03903,17993
1774987200000,0.03903,0.03908,0.039,0.03908,48773
1774988100000,0.03908,0.03915,0.03908,0.03913,5058
1774989000000,0.03913,0.03923,0.03907,0.03916,13301
1774989900000,0.03916,0.03924,0.03911,0.03924,46232
1774990800000,0.03924,0.03924,0.03897,0.03906,313069
1774991700000,0.03906,0.03906,0.039,0.03904,6399
1774992600000,0.03904,0.03907,0.03904,0.03907,13420
1774993500000,0.03907,0.03912,0.03897,0.03902,45191
1774994400000,0.03902,0.03902,0.03887,0.03892,256
1774995300000,0.03892,0.03892,0.03889,0.03889,38457
1774996200000,0.03889,0.03889,0.03885,0.03885,412
1774997100000,0.03885,0.03893,0.03885,0.03891,112770
1774998000000,0.03891,0.03891,0.03881,0.03882,26826
1774998900000,0.03882,0.03898,0.03882,0.03898,24530
1774999800000,0.03898,0.0391,0.03898,0.0391,20110
1775000700000,0.0391,0.0391,0.03909,0.03909,12407
1775001600000,0.03909,0.03922,0.03909,0.03915,58576
1775002500000,0.03915,0.03915,0.03915,0.03915,0
1775003400000,0.03915,0.03915,0.03905,0.03905,20239
1775004300000,0.03905,0.03907,0.03905,0.03907,10274
1775005200000,0.03907,0.0391,0.03905,0.03909,20511
1775006100000,0.03909,0.03909,0.03893,0.03893,25957
1775007000000,0.03893,0.03898,0.03883,0.03898,65606
1775007900000,0.03898,0.0391,0.03898,0.0391,18197
1775008800000,0.0391,0.0391,0.03898,0.03898,4816
1775009700000,0.03898,0.03898,0.03872,0.03872,16576
1775010600000,0.03872,0.03886,0.03872,0.03886,7300
1775011500000,0.03886,0.03894,0.03883,0.03886,83853
1775012400000,0.03886,0.03897,0.03886,0.03894,52529
1775013300000,0.03894,0.03895,0.03889,0.03889,73543
1775014200000,0.03889,0.03906,0.03889,0.03906,137725
1775015100000,0.03906,0.03918,0.03906,0.03914,74398
1775016000000,0.03914,0.03918,0.03902,0.03905,28231
1775016900000,0.03905,0.03911,0.03902,0.03906,67985
1775017800000,0.03906,0.03925,0.03906,0.03925,10636
1775018700000,0.03925,0.03926,0.03915,0.03921,37075
1775019600000,0.03921,0.03926,0.03913,0.03926,51429
1775020500000,0.03926,0.03959,0.03923,0.0395,599564
1775021400000,0.0395,0.03957,0.03949,0.03951,119673
1775022300000,0.03951,0.03959,0.0395,0.03959,26583
1775023200000,0.03959,0.03981,0.03958,0.03978,119074
1775024100000,0.03978,0.0398,0.03971,0.0398,58029
1775025000000,0.0398,0.04,0.0398,0.04,87154
1775025900000,0.04,0.04,0.03982,0.03991,75313
1775026800000,0.03991,0.03996,0.03983,0.03987,161595
1775027700000,0.03987,0.03987,0.0397,0.03978,20745
1775028600000,0.03978,0.03986,0.03978,0.03978,100456
1775029500000,0.03978,0.03981,0.0397,0.03977,243550
1775030400000,0.03977,0.04006,0.03977,0.03982,596143
1775031300000,0.03982,0.03985,0.03979,0.03985,17977
1775032200000,0.03985,0.04007,0.03985,0.04006,40091
1775033100000,0.04006,0.04018,0.03992,0.03996,622150
1775034000000,0.03996,0.04001,0.0397,0.03971,13931
1775034900000,0.03971,0.03975,0.03971,0.03975,19109
1775035800000,0.03975,0.03988,0.03971,0.03975,11683
1775036700000,0.03975,0.03985,0.03971,0.03985,8304
1775037600000,0.03985,0.03993,0.03981,0.03992,11283
1775038500000,0.03992,0.04001,0.03992,0.03993,27209
1775039400000,0.03993,0.04001,0.03982,0.03997,7622
1775040300000,0.03997,0.04004,0.03983,0.03984,39020
1775041200000,0.03984,0.03992,0.03978,0.03981,87046
1775042100000,0.03981,0.03983,0.03972,0.03981,31176
1775043000000,0.03981,0.03988,0.03976,0.03988,9005
1775043900000,0.03988,0.04003,0.03988,0.03998,82103
1775044800000,0.03998,0.04017,0.03998,0.04003,115245
1775045700000,0.04003,0.04026,0.04003,0.04017,101221
1775046600000,0.04017,0.04059,0.04003,0.04056,1506668
1775047500000,0.04056,0.04056,0.0403,0.04033,144983
1775048400000,0.04033,0.04033,0.04005,0.04017,66919
1775049300000,0.04017,0.04034,0.04017,0.04027,40333
1775050200000,0.04027,0.04027,0.03982,0.03982,554349
1775051100000,0.03982,0.03985,0.03973,0.03982,11661
1775052000000,0.03982,0.03999,0.03982,0.03999,189182
1775052900000,0.03999,0.04011,0.03999,0.04011,57198
1775053800000,0.04011,0.04019,0.03995,0.04011,122806
1775054700000,0.04011,0.04013,0.04009,0.0401,30915
1775055600000,0.0401,0.0401,0.03981,0.03984,59253
1775056500000,0.03984,0.03993,0.03983,0.03993,37631
1775057400000,0.03993,0.03993,0.03983,0.0399,29181
1775058300000,0.0399,0.04003,0.0399,0.04001,212450
1775059200000,0.04001,0.04007,0.03981,0.03983,99344
1775060100000,0.03983,0.04006,0.03976,0.04006,267068
1775061000000,0.04006,0.04011,0.03998,0.04004,21076
1775061900000,0.04004,0.04005,0.03998,0.03999,5527
1775062800000,0.03999,0.04022,0.03994,0.03994,73645
1775063700000,0.03994,0.03996,0.03982,0.03982,41120
1775064600000,0.03982,0.03982,0.03979,0.0398,22185
1775065500000,0.0398,0.03983,0.03977,0.03978,303068
1775066400000,0.03978,0.03978,0.03963,0.03972,105087
1775067300000,0.03972,0.03972,0.03957,0.03959,137623
1775068200000,0.03959,0.0396,0.03936,0.03953,867179
1775069100000,0.03953,0.03953,0.03934,0.03939,133775
1775070000000,0.03939,0.03946,0.03939,0.03939,46576
1775070900000,0.03939,0.03943,0.03937,0.03943,3270
1775071800000,0.03943,0.03957,0.03943,0.03957,29806
1775072700000,0.03957,0.03958,0.03947,0.03947,37327
1775073600000,0.03947,0.03947,0.03933,0.0394,339309
1775074500000,0.0394,0.0394,0.0394,0.0394,5762
1775075400000,0.0394,0.03943,0.0393,0.03943,12120
1775076300000,0.03943,0.03947,0.0394,0.0394,20880
1775077200000,0.0394,0.03953,0.03939,0.03943,34715
1775078100000,0.03943,0.03953,0.03942,0.03953,24378
1775079000000,0.03953,0.03955,0.03953,0.03955,2581
1775079900000,0.03955,0.03955,0.0394,0.0394,368
1775080800000,0.0394,0.0395,0.03934,0.03934,77298
1775081700000,0.03934,0.03934,0.03921,0.03929,24833
1775082600000,0.03929,0.03937,0.0392,0.03937,26911
1775083500000,0.03937,0.03937,0.03932,0.03932,15250
1775084400000,0.03932,0.03932,0.03923,0.03927,144987
1775085300000,0.03927,0.03935,0.0392,0.03933,81717
1775086200000,0.03933,0.03933,0.03924,0.03924,24460
1775087100000,0.03924,0.03926,0.0392,0.0392,36059
1775088000000,0.0392,0.03924,0.03913,0.03924,47726
1775088900000,0.03924,0.03935,0.03924,0.03927,79935
1775089800000,0.03927,0.03959,0.03923,0.03959,365516
1775090700000,0.03959,0.03959,0.03943,0.03948,14863
1775091600000,0.03948,0.03952,0.03898,0.03934,477809
1775092500000,0.03934,0.03934,0.03862,0.03871,361863
1775093400000,0.03871,0.03871,0.03836,0.03836,100590
1775094300000,0.03836,0.03854,0.03832,0.03848,44776
1775095200000,0.03848,0.03852,0.03814,0.03814,245604
1775096100000,0.03814,0.03814,0.03799,0.03813,220019
1775097000000,0.03813,0.03822,0.03791,0.03794,71072
1775097900000,0.03794,0.03806,0.03794,0.03805,4218
1775098800000,0.03805,0.03805,0.03795,0.03795,8142
1775099700000,0.03795,0.03809,0.0378,0.03799,33991
1775100600000,0.03799,0.03815,0.03776,0.03776,199746
1775101500000,0.03776,0.03795,0.03776,0.03791,75815
1775102400000,0.03791,0.03804,0.03791,0.03796,1385
1775103300000,0.03796,0.03808,0.03792,0.03792,55568
1775104200000,0.03792,0.03793,0.03786,0.03786,94463
1775105100000,0.03786,0.03788,0.03772,0.03773,83780
1775106000000,0.03773,0.03786,0.03772,0.03778,140790
1775106900000,0.03778,0.03793,0.03778,0.03791,23642
1775107800000,0.03791,0.03815,0.03791,0.03814,228514
1775108700000,0.03814,0.03827,0.03805,0.03817,75244
1775109600000,0.03817,0.03832,0.03813,0.03825,43968
1775110500000,0.03825,0.03843,0.03823,0.03837,7781
1775111400000,0.03837,0.03839,0.03827,0.03827,92511
1775112300000,0.03827,0.03837,0.03827,0.03837,7011
1775113200000,0.03837,0.03839,0.03832,0.03839,9796
1775114100000,0.03839,0.03849,0.03835,0.03837,29110
1775115000000,0.03837,0.03845,0.03837,0.03845,1661
1775115900000,0.03845,0.03853,0.03845,0.03853,11540
1775116800000,0.03853,0.03856,0.03851,0.03853,102433
1775117700000,0.03853,0.03853,0.03837,0.03837,12660
1775118600000,0.03837,0.03839,0.03825,0.03826,50559
1775119500000,0.03826,0.0383,0.03824,0.03825,11618
1775120400000,0.03825,0.03839,0.03825,0.03837,57678
1775121300000,0.03837,0.03837,0.0382,0.03836,98582
1775122200000,0.03836,0.03836,0.03819,0.03824,33901
1775123100000,0.03824,0.03824,0.03814,0.03818,11913
1775124000000,0.03818,0.03822,0.03804,0.03805,60447
1775124900000,0.03805,0.03805,0.03805,0.03805,0
1775125800000,0.03805,0.03811,0.03795,0.0381,189053
1775126700000,0.0381,0.0381,0.03804,0.03804,172031
1775127600000,0.03804,0.03812,0.03798,0.03798,26212
1775128500000,0.03798,0.03818,0.03787,0.03812,108444
1775129400000,0.03812,0.03812,0.03812,0.03812,0
1775130300000,0.03812,0.03818,0.03806,0.03806,17276
1775131200000,0.03806,0.03811,0.03804,0.03804,61283
1775132100000,0.03804,0.03812,0.03801,0.03806,25594
1775133000000,0.03806,0.03806,0.03795,0.03798,44930
1775133900000,0.03798,0.03811,0.03797,0.03807,163465
1775134800000,0.03807,0.0381,0.03785,0.03788,136598
1775135700000,0.03788,0.03789,0.03782,0.03789,2611
1775136600000,0.03789,0.03946,0.03777,0.03869,16471222
1775137500000,0.03869,0.03899,0.03848,0.03886,2482964
1775138400000,0.03886,0.03886,0.0382,0.0385,1202789
1775139300000,0.0385,0.03914,0.03846,0.03888,344347
1775140200000,0.03888,0.03961,0.03888,0.03961,1136001
1775141100000,0.03961,0.04019,0.03943,0.03996,1129830
1775142000000,0.03996,0.03996,0.03962,0.03962,565802
1775142900000,0.03962,0.03964,0.03937,0.03964,249351
1775143800000,0.03964,0.04,0.03961,0.03986,755871
1775144700000,0.03986,0.04008,0.03982,0.04008,112444
1775145600000,0.04008,0.04022,0.03983,0.03993,596744
1775146500000,0.03993,0.03993,0.03946,0.03978,134920
1775147400000,0.03978,0.03992,0.03967,0.03992,466482
1775148300000,0.03992,0.03997,0.03982,0.03982,80891
1775149200000,0.03982,0.04031,0.03982,0.0403,437659
1775150100000,0.0403,0.04049,0.04023,0.04023,436670
1775151000000,0.04023,0.04025,0.03969,0.03969,111266
1775151900000,0.03969,0.03969,0.03911,0.03923,1130774
1775152800000,0.03923,0.03932,0.03916,0.03921,96837
1775153700000,0.03921,0.03938,0.03921,0.03936,289787
1775154600000,0.03936,0.0395,0.03936,0.03949,30243
1775155500000,0.03949,0.03997,0.03949,0.03993,259895
1775156400000,0.03993,0.03993,0.03965,0.03967,131267
1775157300000,0.03967,0.03967,0.03957,0.03957,79523
1775158200000,0.03957,0.03957,0.03934,0.03944,303549
1775159100000,0.03944,0.03956,0.03944,0.03955,18208
1775160000000,0.03955,0.03955,0.03931,0.0395,806921
1775160900000,0.0395,0.04004,0.03944,0.04003,63260
1775161800000,0.04003,0.04009,0.03981,0.03981,470664
1775162700000,0.03981,0.04003,0.03981,0.03993,293037
1775163600000,0.03993,0.04008,0.03945,0.03955,366883
1775164500000,0.03955,0.03963,0.03949,0.03961,23403
1775165400000,0.03961,0.03965,0.03956,0.03956,6164
1775166300000,0.03956,0.03982,0.03956,0.03982,49322
1775167200000,0.03982,0.04008,0.03982,0.03998,163914
1775168100000,0.03998,0.04012,0.03996,0.04003,191938
1775169000000,0.04003,0.04029,0.0399,0.03999,486189
1775169900000,0.03999,0.04015,0.03997,0.04012,19116
1775170800000,0.04012,0.04012,0.03984,0.03996,375519
1775171700000,0.03996,0.04005,0.03993,0.03997,432874
1775172600000,0.03997,0.04003,0.03995,0.04,27145
1775173500000,0.04,0.04035,0.03998,0.04035,230991
1775174400000,0.04035,0.04045,0.03978,0.03985,1251014
1775175300000,0.03985,0.04,0.03958,0.03991,791881
1775176200000,0.03991,0.04007,0.03991,0.04002,655251
1775177100000,0.04002,0.0403,0.03983,0.0403,413606
1775178000000,0.0403,0.0403,0.0399,0.04,213645
1775178900000,0.04,0.04018,0.03987,0.04013,174865
1775179800000,0.04013,0.04024,0.03981,0.03999,377467
1775180700000,0.03999,0.03999,0.03988,0.03988,328896
1775181600000,0.03988,0.04016,0.03986,0.04001,597769
1775182500000,0.04001,0.04041,0.03998,0.04015,615484
1775183400000,0.04015,0.04015,0.03986,0.03995,378089
1775184300000,0.03995,0.04048,0.03994,0.04034,699324
1775185200000,0.04034,0.04037,0.04014,0.04027,89663
1775186100000,0.04027,0.04046,0.04022,0.04033,178273
1775187000000,0.04033,0.04052,0.04033,0.04051,536935
1775187900000,0.04051,0.04065,0.04032,0.04032,350036
1775188800000,0.04032,0.04052,0.04032,0.04048,138559
1775189700000,0.04048,0.0406,0.04048,0.0406,92656
1775190600000,0.0406,0.0406,0.04032,0.04038,136418
1775191500000,0.04038,0.04083,0.04038,0.04081,886081
1775192400000,0.04081,0.04094,0.04081,0.04084,52054
1775193300000,0.04084,0.04104,0.04079,0.0409,827215
1775194200000,0.0409,0.04109,0.0409,0.041,184305
1775195100000,0.041,0.04107,0.04095,0.04105,31265
1775196000000,0.04105,0.04135,0.04105,0.04132,153391
1775196900000,0.04132,0.04157,0.04128,0.04137,1129632
1775197800000,0.04137,0.04192,0.04137,0.04157,1489855
1775198700000,0.04157,0.04184,0.04145,0.04179,823376
1775199600000,0.04179,0.04179,0.04132,0.04139,833334
1775200500000,0.04139,0.04146,0.04122,0.04127,307796
1775201400000,0.04127,0.04138,0.04119,0.04136,59577
1775202300000,0.04136,0.04151,0.04129,0.04146,388231
1775203200000,0.04146,0.04194,0.04146,0.04183,1364696
1775204100000,0.04183,0.04184,0.04168,0.0418,302209
1775205000000,0.0418,0.04214,0.04179,0.0418,742224
1775205900000,0.0418,0.04212,0.0418,0.04195,533939
1775206800000,0.04195,0.042,0.04149,0.04165,379872
1775207700000,0.04165,0.04173,0.04141,0.04171,305963
1775208600000,0.04171,0.04181,0.04155,0.04179,431372
1775209500000,0.04179,0.0422,0.0417,0.04171,1490161
1775210400000,0.04171,0.04181,0.04127,0.04136,530916
1775211300000,0.04136,0.04142,0.04125,0.0414,144921
1775212200000,0.0414,0.04144,0.04119,0.04143,52717
1775213100000,0.04143,0.04174,0.04143,0.04174,227994
1775214000000,0.04174,0.04179,0.0416,0.04179,172201
1775214900000,0.04179,0.04187,0.04149,0.04149,480656
1775215800000,0.04149,0.04149,0.04125,0.04136,150434
1775216700000,0.04136,0.04151,0.04134,0.04146,321863
1775217600000,0.04146,0.04151,0.04135,0.04151,269623
1775218500000,0.04151,0.04166,0.04142,0.04154,183479
1775219400000,0.04154,0.04189,0.0414,0.04148,1693830
1775220300000,0.04148,0.04153,0.04124,0.04133,831481
1775221200000,0.04133,0.04133,0.04081,0.04098,786434
1775222100000,0.04098,0.04118,0.04096,0.04115,172652
1775223000000,0.04115,0.0412,0.04101,0.0411,26442
1775223900000,0.0411,0.04126,0.0411,0.04126,87612
1775224800000,0.04126,0.04135,0.04116,0.04123,225971
1775225700000,0.04123,0.0413,0.04115,0.0413,15490
1775226600000,0.0413,0.0413,0.04093,0.04094,93863
1775227500000,0.04094,0.04111,0.04094,0.04109,29079
1775228400000,0.04109,0.04119,0.04101,0.04111,398678
1775229300000,0.04111,0.04111,0.04091,0.04101,52835
1775230200000,0.04101,0.04101,0.04084,0.04084,48849
1775231100000,0.04084,0.04111,0.04082,0.04111,300010
1775232000000,0.04111,0.04115,0.04101,0.04106,115785
1775232900000,0.04106,0.04117,0.04106,0.04113,59607
1775233800000,0.04113,0.04113,0.04083,0.04094,70299
1775234700000,0.04094,0.04113,0.04092,0.04113,28111
1775235600000,0.04113,0.04113,0.041,0.04101,86653
1775236500000,0.04101,0.04123,0.0409,0.04122,25107
1775237400000,0.04122,0.04127,0.04104,0.04123,10054
1775238300000,0.04123,0.04123,0.04106,0.04111,57144
1775239200000,0.04111,0.04131,0.041,0.04131,7598
1775240100000,0.04131,0.04142,0.04125,0.04125,499117
1775241000000,0.04125,0.04136,0.04115,0.0413,341956
1775241900000,0.0413,0.0413,0.04124,0.04124,30971
1775242800000,0.04124,0.04124,0.04098,0.04103,58681
1775243700000,0.04103,0.04122,0.04103,0.04103,148540
1775244600000,0.04103,0.04105,0.04095,0.04096,414343
1775245500000,0.04096,0.04096,0.04086,0.04088,72506
1775246400000,0.04088,0.04094,0.04088,0.04092,3356
1775247300000,0.04092,0.04092,0.0407,0.0407,46531
1775248200000,0.0407,0.04071,0.04062,0.04066,110834
1775249100000,0.04066,0.04068,0.04064,0.04067,18937
1775250000000,0.04067,0.04088,0.04066,0.04088,338469
1775250900000,0.04088,0.04098,0.04087,0.04092,42837
1775251800000,0.04092,0.04094,0.04078,0.04078,13630
1775252700000,0.04078,0.04085,0.04077,0.04085,163928
1775253600000,0.04085,0.04089,0.04083,0.04089,114642
1775254500000,0.04089,0.04091,0.0408,0.0408,2734
1775255400000,0.0408,0.04081,0.0407,0.0407,40722
1775256300000,0.0407,0.0407,0.04063,0.04066,18158
1775257200000,0.04066,0.04066,0.04058,0.04058,146043
1775258100000,0.04058,0.04068,0.04057,0.04061,59279
1775259000000,0.04061,0.04082,0.04061,0.04082,197413
1775259900000,0.04082,0.04082,0.04073,0.04077,113651
1775260800000,0.04077,0.04077,0.04063,0.04063,48019
1775261700000,0.04063,0.0407,0.0406,0.04061,86117
1775262600000,0.04061,0.04067,0.04051,0.04066,78503
1775263500000,0.04066,0.04081,0.04066,0.04073,93999
1775264400000,0.04073,0.04098,0.04072,0.04081,397357
1775265300000,0.04081,0.041,0.04081,0.04099,44294
1775266200000,0.04099,0.04106,0.04086,0.04106,78773
1775267100000,0.04106,0.04107,0.04099,0.04102,70378
1775268000000,0.04102,0.04125,0.04102,0.04124,233499
1775268900000,0.04124,0.04147,0.04113,0.04147,34794
1775269800000,0.04147,0.04152,0.04135,0.04143,231585
1775270700000,0.04143,0.04143,0.04122,0.04123,8908
1775271600000,0.04123,0.04123,0.04114,0.04114,79136
1775272500000,0.04114,0.04115,0.04102,0.04115,6728
1775273400000,0.04115,0.04158,0.04115,0.04156,450590
1775274300000,0.04156,0.04156,0.04132,0.04134,132434
1775275200000,0.04134,0.04139,0.0413,0.04139,183796
1775276100000,0.04139,0.04139,0.04114,0.04123,378601
1775277000000,0.04123,0.04136,0.04123,0.04127,165740
1775277900000,0.04127,0.04156,0.04127,0.04152,153644
1775278800000,0.04152,0.04152,0.04128,0.0413,129333
1775279700000,0.0413,0.0413,0.04121,0.04122,20666
1775280600000,0.04122,0.04128,0.04098,0.04106,856672
1775281500000,0.04106,0.04106,0.04103,0.04106,50640
1775282400000,0.04106,0.04112,0.04098,0.04111,120130
1775283300000,0.04111,0.04117,0.04111,0.04113,63413
1775284200000,0.04113,0.04141,0.04113,0.04139,15065
1775285100000,0.04139,0.04171,0.04139,0.04163,754429
1775286000000,0.04163,0.04166,0.04151,0.04166,564056
1775286900000,0.04166,0.0417,0.04154,0.0416,24384
1775287800000,0.0416,0.04164,0.04152,0.04152,29234
1775288700000,0.04152,0.04152,0.04142,0.04142,7347
1775289600000,0.04142,0.04151,0.04142,0.04146,410065
1775290500000,0.04146,0.04149,0.04146,0.04149,2216
1775291400000,0.04149,0.04157,0.04147,0.04156,165584
1775292300000,0.04156,0.04156,0.0413,0.0414,238879
1775293200000,0.0414,0.04143,0.04122,0.04125,290764
1775294100000,0.04125,0.04125,0.04114,0.04117,220074
1775295000000,0.04117,0.04117,0.04107,0.04107,27708
1775295900000,0.04107,0.04122,0.04105,0.04105,118939
1775296800000,0.04105,0.04114,0.04097,0.04101,248058
1775297700000,0.04101,0.04103,0.04097,0.04103,114358
1775298600000,0.04103,0.04115,0.04102,0.04114,87076
1775299500000,0.04114,0.04123,0.04111,0.04119,292413
1775300400000,0.04119,0.04125,0.04114,0.04121,438568
1775301300000,0.04121,0.04121,0.04108,0.04111,65430
1775302200000,0.04111,0.04111,0.04108,0.04108,1681
1775303100000,0.04108,0.04136,0.04108,0.04131,67452
1775304000000,0.04131,0.04131,0.04126,0.04126,76029
1775304900000,0.04126,0.04135,0.04125,0.04125,254966
1775305800000,0.04125,0.04125,0.04104,0.04104,68880
1775306700000,0.04104,0.04112,0.04101,0.04112,150622
1775307600000,0.04112,0.04129,0.04105,0.04129,33295
1775308500000,0.04129,0.04132,0.04124,0.04132,83946
1775309400000,0.04132,0.04142,0.04121,0.04123,202605
1775310300000,0.04123,0.04123,0.04104,0.04105,199516
1775311200000,0.04105,0.04105,0.04082,0.04082,176794
1775312100000,0.04082,0.0409,0.04082,0.0409,64233
1775313000000,0.0409,0.0409,0.04066,0.0408,287364
1775313900000,0.0408,0.04111,0.0408,0.04111,122498
1775314800000,0.04111,0.04143,0.04104,0.04142,513400
1775315700000,0.04142,0.04142,0.04115,0.04117,280859
1775316600000,0.04117,0.04118,0.04108,0.04109,11789
1775317500000,0.04109,0.04109,0.04102,0.04104,6633
1775318400000,0.04104,0.04117,0.04104,0.04108,116943
1775319300000,0.04108,0.04129,0.04101,0.04126,122330
1775320200000,0.04126,0.04129,0.0412,0.04122,23475
1775321100000,0.04122,0.04122,0.0411,0.04112,150387
1775322000000,0.04112,0.04131,0.04105,0.04131,72503
1775322900000,0.04131,0.04154,0.04131,0.04153,165891
1775323800000,0.04153,0.04153,0.0413,0.0413,17678
1775324700000,0.0413,0.0413,0.04123,0.04123,84826
1775325600000,0.04123,0.04126,0.04117,0.04118,17124
1775326500000,0.04118,0.04118,0.0411,0.04111,46752
1775327400000,0.04111,0.04115,0.04106,0.04115,57217
1775328300000,0.04115,0.04115,0.04109,0.04109,137
1775329200000,0.04109,0.04132,0.04101,0.04132,258641
1775330100000,0.04132,0.04135,0.04109,0.04115,276891
1775331000000,0.04115,0.04115,0.04093,0.041,315380
1775331900000,0.041,0.04109,0.041,0.04108,14563
1775332800000,0.04108,0.04108,0.04105,0.04106,36013
1775333700000,0.04106,0.04109,0.04102,0.04105,57341
1775334600000,0.04105,0.04106,0.04105,0.04106,141
1775335500000,0.04106,0.04107,0.04101,0.04105,26619
1775336400000,0.04105,0.04105,0.04094,0.04097,33932
1775337300000,0.04097,0.04113,0.04097,0.04113,18542
1775338200000,0.04113,0.04113,0.04113,0.04113,0
1775339100000,0.04113,0.04113,0.04101,0.04101,348
1775340000000,0.04101,0.04101,0.04091,0.04098,72308
1775340900000,0.04098,0.04103,0.04098,0.04102,303
1775341800000,0.04102,0.04103,0.04094,0.04103,23996
1775342700000,0.04103,0.04106,0.04084,0.04085,212369
1775343600000,0.04085,0.0409,0.04079,0.04079,178995
1775344500000,0.04079,0.04081,0.04072,0.0408,241146
1775345400000,0.0408,0.0408,0.04068,0.04068,31942
1775346300000,0.04068,0.04082,0.04068,0.04082,21324
1775347200000,0.04082,0.04082,0.04068,0.04069,71764
1775348100000,0.04069,0.04079,0.0406,0.04079,590985
1775349000000,0.04079,0.04086,0.04079,0.04086,81077
1775349900000,0.04086,0.04086,0.04078,0.04078,21344
1775350800000,0.04078,0.04078,0.04072,0.04075,7441
1775351700000,0.04075,0.04075,0.04069,0.04069,2983
1775352600000,0.04069,0.04069,0.04059,0.0406,15049
1775353500000,0.0406,0.04062,0.04057,0.04061,12881
1775354400000,0.04061,0.04065,0.04051,0.04065,175858
1775355300000,0.04065,0.04075,0.04065,0.04074,21782
1775356200000,0.04074,0.04074,0.04069,0.0407,75356
1775357100000,0.0407,0.04071,0.04062,0.04071,28326
1775358000000,0.04071,0.04071,0.04057,0.04057,21205
1775358900000,0.04057,0.04057,0.04045,0.04046,96095
1775359800000,0.04046,0.0405,0.04038,0.0405,96659
1775360700000,0.0405,0.04051,0.04049,0.04049,14180
1775361600000,0.04049,0.04049,0.04036,0.04048,180892
1775362500000,0.04048,0.04049,0.04048,0.04049,1992
1775363400000,0.04049,0.04054,0.0404,0.0404,33762
1775364300000,0.0404,0.04042,0.04032,0.04032,21354
1775365200000,0.04032,0.04032,0.03996,0.04002,1503337
1775366100000,0.04002,0.04007,0.03999,0.04006,190917
1775367000000,0.04006,0.04006,0.03997,0.03997,182347
1775367900000,0.03997,0.03999,0.03988,0.03991,176846
1775368800000,0.03991,0.04004,0.03973,0.03974,534717
1775369700000,0.03974,0.0398,0.03969,0.03978,298232
1775370600000,0.03978,0.03996,0.03978,0.03993,47174
1775371500000,0.03993,0.03993,0.03983,0.03983,96110
1775372400000,0.03983,0.03983,0.03973,0.03973,6838
1775373300000,0.03973,0.03984,0.0397,0.03975,191582
1775374200000,0.03975,0.03975,0.03963,0.03967,4559
1775375100000,0.03967,0.03976,0.03957,0.0396,694028
1775376000000,0.0396,0.03971,0.0396,0.03971,17151
1775376900000,0.03971,0.03975,0.03971,0.03975,1488
1775377800000,0.03975,0.03986,0.03975,0.03985,48423
1775378700000,0.03985,0.03989,0.03983,0.03985,6622
1775379600000,0.03985,0.03996,0.03984,0.0399,588970
1775380500000,0.0399,0.03993,0.0399,0.03993,63840
1775381400000,0.03993,0.03993,0.0399,0.0399,5794
1775382300000,0.0399,0.0399,0.0399,0.0399,0
1775383200000,0.0399,0.03992,0.03982,0.03983,43077
1775384100000,0.03983,0.03983,0.03983,0.03983,0
1775385000000,0.03983,0.03985,0.03978,0.03984,6887
1775385900000,0.03984,0.03984,0.0396,0.0396,59510
1775386800000,0.0396,0.0396,0.03952,0.03955,8116
1775387700000,0.03955,0.03962,0.03954,0.03961,47706
1775388600000,0.03961,0.03973,0.03961,0.03973,12546
1775389500000,0.03973,0.03979,0.03971,0.03971,40785
1775390400000,0.03971,0.03982,0.03971,0.03976,34639
1775391300000,0.03976,0.03976,0.03963,0.03966,23229
1775392200000,0.03966,0.03966,0.0393,0.03933,263282
1775393100000,0.03933,0.03942,0.03929,0.03942,34080
1775394000000,0.03942,0.03942,0.03925,0.03925,3018
1775394900000,0.03925,0.03925,0.03905,0.03906,154559
1775395800000,0.03906,0.03925,0.03906,0.03923,46354
1775396700000,0.03923,0.03954,0.03923,0.03949,217652
1775397600000,0.03949,0.03955,0.03941,0.03944,175241
1775398500000,0.03944,0.03944,0.03933,0.03939,334286
1775399400000,0.03939,0.03939,0.03931,0.03937,77141
1775400300000,0.03937,0.03937,0.03932,0.03932,53009
1775401200000,0.03932,0.03932,0.03914,0.03914,28658
1775402100000,0.03914,0.03949,0.03912,0.03936,745338
1775403000000,0.03936,0.03963,0.03932,0.03936,453920
1775403900000,0.03936,0.03942,0.03923,0.03925,128597
1775404800000,0.03925,0.03936,0.03921,0.03936,174583
1775405700000,0.03936,0.03936,0.03917,0.03918,74218
1775406600000,0.03918,0.03926,0.03918,0.0392,35336
1775407500000,0.0392,0.0392,0.03892,0.039,36592
1775408400000,0.039,0.03914,0.039,0.03914,45760
1775409300000,0.03914,0.03914,0.03904,0.03904,19051
1775410200000,0.03904,0.03919,0.03902,0.03919,32553
1775411100000,0.03919,0.03921,0.03914,0.03914,50088
1775412000000,0.03914,0.03922,0.03914,0.03919,43503
1775412900000,0.03919,0.03919,0.03913,0.03916,6045
1775413800000,0.03916,0.03938,0.03916,0.03936,198544
1775414700000,0.03936,0.03936,0.03913,0.03913,19627
1775415600000,0.03913,0.03913,0.03909,0.03912,4471
1775416500000,0.03912,0.03934,0.03912,0.03933,10113
1775417400000,0.03933,0.03933,0.03909,0.03909,18413
1775418300000,0.03909,0.03928,0.03909,0.03928,41497
1775419200000,0.03928,0.03934,0.03928,0.03934,7469
1775420100000,0.03934,0.03934,0.0393,0.03931,8319
1775421000000,0.03931,0.0394,0.03928,0.03928,429621
1775421900000,0.03928,0.03935,0.03928,0.03935,41118
1775422800000,0.03935,0.03936,0.03922,0.03926,116639
1775423700000,0.03926,0.03926,0.03912,0.03912,85803
1775424600000,0.03912,0.03915,0.03906,0.03915,213295
1775425500000,0.03915,0.03929,0.03914,0.03929,8037
1775426400000,0.03929,0.03938,0.03923,0.03938,2573
1775427300000,0.03938,0.0394,0.03931,0.03935,67949
1775428200000,0.03935,0.03975,0.03935,0.03975,153387
1775429100000,0.03975,0.0398,0.03967,0.03978,59039
1775430000000,0.03978,0.0398,0.03971,0.03975,30272
1775430900000,0.03975,0.04011,0.03975,0.03992,289225
1775431800000,0.03992,0.04008,0.03992,0.04002,55598
1775432700000,0.04002,0.04002,0.03998,0.03998,3536
1775433600000,0.03998,0.04035,0.03998,0.04025,97503
1775434500000,0.04025,0.04049,0.04025,0.04048,159819
1775435400000,0.04048,0.04057,0.04032,0.04046,209824
1775436300000,0.04046,0.04046,0.04034,0.04034,32499
1775437200000,0.04034,0.04034,0.04,0.04005,127495
1775438100000,0.04005,0.04023,0.03997,0.04023,102564
1775439000000,0.04023,0.04033,0.04023,0.04032,12884
1775439900000,0.04032,0.04032,0.04015,0.04015,12513
1775440800000,0.04015,0.04055,0.04015,0.04051,184788
1775441700000,0.04051,0.04057,0.04043,0.04043,23450
1775442600000,0.04043,0.04053,0.04032,0.04032,11792
1775443500000,0.04032,0.04054,0.04032,0.04053,95627
1775444400000,0.04053,0.04057,0.0405,0.04052,198032
1775445300000,0.04052,0.04052,0.04038,0.04045,413042
1775446200000,0.04045,0.04045,0.04033,0.04033,30605
1775447100000,0.04033,0.04037,0.04031,0.04031,31556
1775448000000,0.04031,0.04045,0.04031,0.04035,51122
1775448900000,0.04035,0.04052,0.04035,0.0405,88765
1775449800000,0.0405,0.04075,0.04048,0.04074,110249
1775450700000,0.04074,0.04074,0.04061,0.04061,28791
1775451600000,0.04061,0.04076,0.04061,0.04075,175983
1775452500000,0.04075,0.04075,0.04048,0.04051,267169
1775453400000,0.04051,0.04052,0.04047,0.04052,10868
1775454300000,0.04052,0.04052,0.04044,0.04049,18726
1775455200000,0.04049,0.04049,0.04028,0.04043,185084
1775456100000,0.04043,0.04043,0.04019,0.04019,36584
1775457000000,0.04019,0.04027,0.04017,0.04017,13860
1775457900000,0.04017,0.04027,0.04017,0.04023,227617
1775458800000,0.04023,0.04023,0.04,0.04,30680
1775459700000,0.04,0.04015,0.03998,0.04006,9835
1775460600000,0.04006,0.04008,0.04006,0.04008,4866
1775461500000,0.04008,0.04025,0.04008,0.04025,5824
1775462400000,0.04025,0.04025,0.04013,0.04013,62354
1775463300000,0.04013,0.04022,0.04012,0.04022,75535
1775464200000,0.04022,0.04037,0.04022,0.04037,62888
1775465100000,0.04037,0.04037,0.04031,0.04031,1602
1775466000000,0.04031,0.04037,0.04023,0.04037,52955
1775466900000,0.04037,0.0406,0.04037,0.04044,451503
1775467800000,0.04044,0.04055,0.0403,0.04037,239031
1775468700000,0.04037,0.0404,0.04037,0.0404,12737
1775469600000,0.0404,0.04065,0.0404,0.04063,20047
1775470500000,0.04063,0.04071,0.04063,0.04064,16848
1775471400000,0.04064,0.04074,0.0406,0.0406,114376
1775472300000,0.0406,0.04062,0.04047,0.04052,311006
1775473200000,0.04052,0.04052,0.04041,0.04041,173160
1775474100000,0.04041,0.04049,0.04041,0.04046,12920
1775475000000,0.04046,0.0405,0.0404,0.04044,17371
1775475900000,0.04044,0.04055,0.04044,0.04055,11437
1775476800000,0.04055,0.04055,0.04049,0.0405,2131
1775477700000,0.0405,0.0406,0.0405,0.04058,86021
1775478600000,0.04058,0.04062,0.0405,0.04051,91193
1775479500000,0.04051,0.04064,0.04047,0.04061,82553
1775480400000,0.04061,0.04068,0.04059,0.04065,53401
1775481300000,0.04065,0.04065,0.04061,0.04064,38590
1775482200000,0.04064,0.04064,0.04046,0.04055,66046
1775483100000,0.04055,0.04091,0.04055,0.04078,151845
1775484000000,0.04078,0.04094,0.04064,0.04091,131501
1775484900000,0.04091,0.04115,0.04091,0.04102,92453
1775485800000,0.04102,0.04114,0.04065,0.04076,618717
1775486700000,0.04076,0.04102,0.04069,0.04102,149897
1775487600000,0.04102,0.04116,0.04102,0.0411,51601
1775488500000,0.0411,0.04115,0.04099,0.04115,123977
1775489400000,0.04115,0.04118,0.04107,0.04107,104633
1775490300000,0.04107,0.04114,0.04107,0.04113,36587
1775491200000,0.04113,0.0413,0.04112,0.0413,10552
1775492100000,0.0413,0.0413,0.04113,0.04113,52890
1775493000000,0.04113,0.04119,0.04113,0.04119,3195
1775493900000,0.04119,0.04119,0.04092,0.04105,36570
1775494800000,0.04105,0.04105,0.04087,0.04087,62729
1775495700000,0.04087,0.04128,0.04087,0.04127,39820
1775496600000,0.04127,0.04136,0.04127,0.04136,15817
1775497500000,0.04136,0.04155,0.04136,0.04142,179159
1775498400000,0.04142,0.04145,0.04133,0.04133,34487
1775499300000,0.04133,0.04133,0.04124,0.04124,44494
1775500200000,0.04124,0.04124,0.04124,0.04124,0
1775501100000,0.04124,0.04124,0.04124,0.04124,0
1775502000000,0.04124,0.04124,0.04094,0.04094,19628
1775502900000,0.04094,0.04094,0.04094,0.04094,0
1775503800000,0.04094,0.04106,0.04094,0.04106,2631
1775504700000,0.04106,0.04106,0.041,0.041,1586
1775505600000,0.041,0.04107,0.041,0.04107,8012
1775506500000,0.04107,0.04121,0.04107,0.04121,6165
1775507400000,0.04121,0.04136,0.04121,0.04136,99980
1775508300000,0.04136,0.04138,0.04132,0.04134,48736
1775509200000,0.04134,0.04134,0.04126,0.04126,15104
1775510100000,0.04126,0.04126,0.04117,0.04117,16954
1775511000000,0.04117,0.04117,0.04097,0.041,30218
1775511900000,0.041,0.041,0.04085,0.04087,56993
1775512800000,0.04087,0.04093,0.04086,0.04088,9492
1775513700000,0.04088,0.04103,0.04063,0.04072,670860
1775514600000,0.04072,0.04072,0.04041,0.04045,330177
1775515500000,0.04045,0.04046,0.04018,0.04018,256176
1775516400000,0.04018,0.04018,0.03974,0.03998,694794
1775517300000,0.03998,0.03998,0.03987,0.03992,24706
1775518200000,0.03992,0.04005,0.03982,0.04005,74596
1775519100000,0.04005,0.04026,0.04005,0.04025,53543
1775520000000,0.04025,0.04036,0.0402,0.04033,235265
1775520900000,0.04033,0.04033,0.04031,0.04032,5441
1775521800000,0.04032,0.04032,0.04015,0.04022,118826
1775522700000,0.04022,0.04028,0.04022,0.04028,43839
1775523600000,0.04028,0.04028,0.0402,0.04024,20351
1775524500000,0.04024,0.04053,0.04024,0.04036,6144
1775525400000,0.04036,0.04037,0.04023,0.04037,9723
1775526300000,0.04037,0.04039,0.04022,0.04022,124463
1775527200000,0.04022,0.04036,0.04022,0.04035,12064
1775528100000,0.04035,0.04048,0.04035,0.04045,32797
1775529000000,0.04045,0.04057,0.04039,0.04046,8968
1775529900000,0.04046,0.04046,0.04037,0.04037,1256
1775530800000,0.04037,0.04054,0.04037,0.04054,9732
1775531700000,0.04054,0.04083,0.04054,0.04083,59562
1775532600000,0.04083,0.0409,0.04072,0.04076,92605
1775533500000,0.04076,0.04088,0.04076,0.04084,159849
1775534400000,0.04084,0.04086,0.04061,0.04061,93965
1775535300000,0.04061,0.04063,0.04057,0.0406,58324
1775536200000,0.0406,0.04066,0.0406,0.04066,12526
1775537100000,0.04066,0.04083,0.04066,0.0408,8466
1775538000000,0.0408,0.04089,0.04077,0.04082,329014
1775538900000,0.04082,0.04087,0.04082,0.04086,4067
1775539800000,0.04086,0.04086,0.04064,0.04066,30056
1775540700000,0.04066,0.04082,0.04066,0.04079,31613
1775541600000,0.04079,0.04104,0.04067,0.04069,658506
1775542500000,0.04069,0.04071,0.04064,0.04071,26844
1775543400000,0.04071,0.04071,0.04065,0.04067,50939
1775544300000,0.04067,0.04081,0.04067,0.04069,29320
1775545200000,0.04069,0.04075,0.04067,0.04067,12106
1775546100000,0.04067,0.04087,0.04067,0.04087,4305
1775547000000,0.04087,0.04094,0.04073,0.04093,98177
1775547900000,0.04093,0.04114,0.04085,0.04107,557123
1775548800000,0.04107,0.04128,0.04107,0.04123,38300
1775549700000,0.04123,0.04144,0.04117,0.0412,486918
1775550600000,0.0412,0.04133,0.04108,0.04109,24122
1775551500000,0.04109,0.04116,0.04109,0.04113,18850
1775552400000,0.04113,0.04116,0.04098,0.04098,76465
1775553300000,0.04098,0.04098,0.04076,0.04083,52330
1775554200000,0.04083,0.04101,0.04083,0.04097,29148
1775555100000,0.04097,0.04099,0.04091,0.04091,23696
1775556000000,0.04091,0.04105,0.04075,0.04075,938348
1775556900000,0.04075,0.04075,0.04047,0.04058,272906
1775557800000,0.04058,0.0406,0.04026,0.04029,122589
1775558700000,0.04029,0.04029,0.04013,0.04026,985514
1775559600000,0.04026,0.04028,0.04012,0.04013,156360
1775560500000,0.04013,0.04017,0.03999,0.03999,65190
1775561400000,0.03999,0.03999,0.0397,0.03998,934031
1775562300000,0.03998,0.03998,0.03991,0.03991,148249
1775563200000,0.03991,0.04003,0.03959,0.03982,659521
1775564100000,0.03982,0.04005,0.03982,0.04003,367832
1775565000000,0.04003,0.04012,0.03992,0.03992,227980
1775565900000,0.03992,0.04022,0.03992,0.04016,384870
1775566800000,0.04016,0.04027,0.04015,0.04016,98405
1775567700000,0.04016,0.04019,0.04005,0.04005,90694
1775568600000,0.04005,0.04016,0.04002,0.04016,45157
1775569500000,0.04016,0.04017,0.04005,0.04008,48319
1775570400000,0.04008,0.04009,0.03986,0.03997,39033
1775571300000,0.03997,0.0403,0.03997,0.04027,33602
1775572200000,0.04027,0.04032,0.04011,0.04011,193770
1775573100000,0.04011,0.04019,0.04005,0.04005,77691
1775574000000,0.04005,0.04005,0.03986,0.03999,89925
1775574900000,0.03999,0.04035,0.03999,0.04035,179154
1775575800000,0.04035,0.04068,0.04035,0.04065,321310
1775576700000,0.04065,0.04066,0.0404,0.0404,91937
1775577600000,0.0404,0.04057,0.04036,0.04057,55592
1775578500000,0.04057,0.04081,0.04057,0.04072,450239
1775579400000,0.04072,0.04089,0.04068,0.04083,359906
1775580300000,0.04083,0.04087,0.04073,0.04074,57576
1775581200000,0.04074,0.04101,0.04074,0.0408,112404
1775582100000,0.0408,0.0409,0.04076,0.0409,51594
1775583000000,0.0409,0.04137,0.0409,0.04122,285545
1775583900000,0.04122,0.04131,0.04119,0.04131,99949
1775584800000,0.04131,0.04138,0.04121,0.04138,156607
1775585700000,0.04138,0.04178,0.04138,0.04176,994811
1775586600000,0.04176,0.04212,0.04172,0.04197,847942
1775587500000,0.04197,0.04209,0.04166,0.04179,258523
1775588400000,0.04179,0.04195,0.04145,0.04165,879417
1775589300000,0.04165,0.0418,0.04158,0.04163,174740
1775590200000,0.04163,0.04194,0.04146,0.04156,1335331
1775591100000,0.04156,0.04201,0.04151,0.04183,357740
1775592000000,0.04183,0.042,0.04173,0.04181,63590
1775592900000,0.04181,0.04188,0.04174,0.04175,31268
1775593800000,0.04175,0.04183,0.04173,0.0418,6527
1775594700000,0.0418,0.0418,0.04159,0.04179,46097
1775595600000,0.04179,0.04234,0.04171,0.04228,452598
1775596500000,0.04228,0.04237,0.04208,0.0421,90642
1775597400000,0.0421,0.04237,0.0421,0.04233,94204
1775598300000,0.04233,0.04251,0.04233,0.04251,97667
1775599200000,0.04251,0.04363,0.04251,0.0431,1698277
1775600100000,0.0431,0.04311,0.04297,0.043,88533
1775601000000,0.043,0.04366,0.0428,0.04354,1586935
1775601900000,0.04354,0.04408,0.04336,0.04408,338646
1775602800000,0.04408,0.04433,0.04372,0.04375,403676
1775603700000,0.04375,0.04416,0.04361,0.04414,155675
1775604600000,0.04414,0.04429,0.04384,0.04428,223841
1775605500000,0.04428,0.04456,0.04415,0.04415,451512
1775606400000,0.04415,0.04434,0.04399,0.04427,1384119
1775607300000,0.04427,0.04428,0.04397,0.04407,138515
1775608200000,0.04407,0.04427,0.04386,0.04386,208149
1775609100000,0.04386,0.04405,0.04373,0.04398,115039
1775610000000,0.04398,0.04418,0.04398,0.04418,152751
1775610900000,0.04418,0.04418,0.04394,0.04394,48517
1775611800000,0.04394,0.04436,0.04381,0.04435,155949
1775612700000,0.04435,0.04455,0.04431,0.04454,162524
1775613600000,0.04454,0.045,0.04435,0.04484,1004499
1775614500000,0.04484,0.04496,0.04466,0.04467,533815
1775615400000,0.04467,0.04467,0.04429,0.0443,273991
1775616300000,0.0443,0.04459,0.04428,0.04459,20516
1775617200000,0.04459,0.04466,0.04447,0.04451,391806
1775618100000,0.04451,0.04452,0.04438,0.04451,49909
1775619000000,0.04451,0.04453,0.04438,0.04443,431357
1775619900000,0.04443,0.04467,0.04443,0.04459,180360
1775620800000,0.04459,0.04476,0.04457,0.04461,725160
1775621700000,0.04461,0.04489,0.04461,0.04463,120014
1775622600000,0.04463,0.04498,0.04448,0.0449,150234
1775623500000,0.0449,0.04496,0.04459,0.04459,153161
1775624400000,0.04459,0.04475,0.04458,0.04475,13857
1775625300000,0.04475,0.04507,0.04475,0.04485,104377
1775626200000,0.04485,0.0451,0.0448,0.04486,120518
1775627100000,0.04486,0.04516,0.04482,0.04516,101865
1775628000000,0.04516,0.04517,0.04493,0.04502,92808
1775628900000,0.04502,0.04538,0.04502,0.04517,469810
1775629800000,0.04517,0.04537,0.04512,0.04536,48474
1775630700000,0.04536,0.0455,0.04524,0.04546,511935
1775631600000,0.04546,0.04583,0.04536,0.04583,1028866
1775632500000,0.04583,0.04626,0.04563,0.04626,556997
1775633400000,0.04626,0.04639,0.04576,0.04579,1052520
1775634300000,0.04579,0.04648,0.04559,0.04627,709125
1775635200000,0.04627,0.04667,0.04535,0.04543,2332311
1775636100000,0.04543,0.04585,0.04529,0.04556,709756
1775637000000,0.04556,0.04583,0.0451,0.04549,462258
1775637900000,0.04549,0.04553,0.04494,0.0451,296479
1775638800000,0.0451,0.0451,0.04468,0.04475,695722
1775639700000,0.04475,0.04489,0.04475,0.04482,61762
1775640600000,0.04482,0.04489,0.04481,0.04486,4814
1775641500000,0.04486,0.04514,0.04472,0.04498,86397
1775642400000,0.04498,0.04513,0.04492,0.04502,128000
1775643300000,0.04502,0.04505,0.04488,0.04497,282649
1775644200000,0.04497,0.04501,0.04472,0.04472,155577
1775645100000,0.04472,0.04492,0.04472,0.04492,12519
1775646000000,0.04492,0.04492,0.04473,0.04488,17189
1775646900000,0.04488,0.04488,0.04451,0.04463,309883
1775647800000,0.04463,0.04463,0.04414,0.0443,379653
1775648700000,0.0443,0.04446,0.0443,0.04444,34655
1775649600000,0.04444,0.04447,0.04414,0.04425,158914
1775650500000,0.04425,0.04436,0.04411,0.04411,232059
1775651400000,0.04411,0.04416,0.04395,0.04406,120985
1775652300000,0.04406,0.04406,0.04401,0.04405,78649
1775653200000,0.04405,0.04422,0.04403,0.04416,52719
1775654100000,0.04416,0.04416,0.04404,0.04407,26100
1775655000000,0.04407,0.04421,0.04398,0.04407,95249
1775655900000,0.04407,0.0443,0.044,0.044,871100
1775656800000,0.044,0.04414,0.04387,0.04403,228019
1775657700000,0.04403,0.04409,0.04388,0.04389,64290
1775658600000,0.04389,0.04389,0.04346,0.04349,288778
1775659500000,0.04349,0.04358,0.0433,0.04335,214739
1775660400000,0.04335,0.04353,0.04322,0.04339,221938
1775661300000,0.04339,0.04366,0.04339,0.04343,348590
1775662200000,0.04343,0.04344,0.04342,0.04344,27749
1775663100000,0.04344,0.04354,0.04344,0.04353,41619
1775664000000,0.04353,0.04365,0.04353,0.04363,10723
1775664900000,0.04363,0.04363,0.04354,0.04362,167569
1775665800000,0.04362,0.04368,0.0436,0.04361,166799
1775666700000,0.04361,0.04388,0.04361,0.04382,235849
1775667600000,0.04382,0.04418,0.04382,0.04412,49708
1775668500000,0.04412,0.04412,0.0437,0.04374,65901
1775669400000,0.04374,0.04388,0.04369,0.04369,64256
1775670300000,0.04369,0.04374,0.04365,0.04369,126409
1775671200000,0.04369,0.04369,0.04364,0.04365,5455
1775672100000,0.04365,0.04365,0.04345,0.04345,61414
1775673000000,0.04345,0.04362,0.0434,0.0434,107163
1775673900000,0.0434,0.04345,0.04329,0.04329,35589
1775674800000,0.04329,0.04335,0.04329,0.04335,11117
1775675700000,0.04335,0.04335,0.04316,0.04319,323024
1775676600000,0.04319,0.04322,0.0431,0.04319,98055
1775677500000,0.04319,0.04328,0.04319,0.04327,9131
1775678400000,0.04327,0.04355,0.04327,0.04354,189266
1775679300000,0.04354,0.04354,0.04342,0.04343,63417
1775680200000,0.04343,0.04358,0.04343,0.04357,269069
1775681100000,0.04357,0.04357,0.04334,0.04343,133444
1775682000000,0.04343,0.04383,0.04341,0.04376,80118
1775682900000,0.04376,0.04381,0.04367,0.04381,89401
1775683800000,0.04381,0.04381,0.04359,0.04359,9643
1775684700000,0.04359,0.04359,0.04353,0.04356,429332
1775685600000,0.04356,0.04356,0.0435,0.0435,100
1775686500000,0.0435,0.0435,0.04324,0.04328,42106
1775687400000,0.04328,0.04346,0.04325,0.0434,84903
1775688300000,0.0434,0.04342,0.04323,0.04323,20181
1775689200000,0.04323,0.04323,0.04285,0.04305,433625
1775690100000,0.04305,0.04324,0.0429,0.0429,269372
1775691000000,0.0429,0.04297,0.04276,0.04291,335178
1775691900000,0.04291,0.04298,0.04288,0.04294,113275
1775692800000,0.04294,0.04306,0.04266,0.04297,940846
1775693700000,0.04297,0.04301,0.04281,0.04281,131069
1775694600000,0.04281,0.04281,0.04255,0.04257,60930
1775695500000,0.04257,0.04269,0.04249,0.04253,126989
1775696400000,0.04253,0.04253,0.04228,0.04238,412010
1775697300000,0.04238,0.04238,0.04219,0.04223,57996
1775698200000,0.04223,0.04244,0.0422,0.04238,40392
1775699100000,0.04238,0.04244,0.04233,0.04244,38459
1775700000000,0.04244,0.04278,0.04244,0.04274,65044
1775700900000,0.04274,0.04285,0.04274,0.04282,28293
1775701800000,0.04282,0.04297,0.04282,0.04292,205625
1775702700000,0.04292,0.04294,0.04292,0.04293,4261
1775703600000,0.04293,0.0431,0.04293,0.04299,262519
1775704500000,0.04299,0.04299,0.04285,0.04296,277025
1775705400000,0.04296,0.04298,0.04286,0.04286,138601
1775706300000,0.04286,0.0429,0.04286,0.0429,5136
1775707200000,0.0429,0.0429,0.04283,0.04283,92901
1775708100000,0.04283,0.04308,0.04283,0.04308,28046
1775709000000,0.04308,0.0433,0.04305,0.04315,163073
1775709900000,0.04315,0.04331,0.04315,0.04316,226411
1775710800000,0.04316,0.04316,0.04286,0.04292,12360
1775711700000,0.04292,0.04315,0.04292,0.04315,97081
1775712600000,0.04315,0.04351,0.04315,0.04351,62153
1775713500000,0.04351,0.04351,0.04326,0.04327,63914
1775714400000,0.04327,0.04337,0.0432,0.04336,166038
1775715300000,0.04336,0.04348,0.04325,0.04348,18828
1775716200000,0.04348,0.04358,0.04332,0.04353,72647
1775717100000,0.04353,0.04382,0.04352,0.04381,714833
1775718000000,0.04381,0.044,0.04381,0.04384,96354
1775718900000,0.04384,0.04384,0.0436,0.04362,33537
1775719800000,0.04362,0.04368,0.04333,0.04343,464531
1775720700000,0.04343,0.04347,0.04337,0.04337,13796
1775721600000,0.04337,0.04352,0.0433,0.04352,16984
1775722500000,0.04352,0.04352,0.04337,0.04341,1674
1775723400000,0.04341,0.04342,0.04341,0.04342,13823
1775724300000,0.04342,0.04344,0.04336,0.04336,17432
1775725200000,0.04336,0.04347,0.04313,0.04347,84461
1775726100000,0.04347,0.04347,0.04341,0.04341,777
1775727000000,0.04341,0.04347,0.0434,0.0434,7577
1775727900000,0.0434,0.04382,0.0434,0.04362,72296
1775728800000,0.04362,0.04373,0.04348,0.04369,38411
1775729700000,0.04369,0.04381,0.04366,0.04372,90081
1775730600000,0.04372,0.04373,0.04359,0.04372,7073
1775731500000,0.04372,0.04384,0.0437,0.04372,7328
1775732400000,0.04372,0.04385,0.04372,0.04384,8336
1775733300000,0.04384,0.04384,0.04375,0.04377,200490
1775734200000,0.04377,0.04393,0.04377,0.04388,160783
1775735100000,0.04388,0.04414,0.04388,0.04407,308191
1775736000000,0.04407,0.04438,0.044,0.04435,1155630
1775736900000,0.04435,0.04458,0.04429,0.0445,472964
1775737800000,0.0445,0.04479,0.04448,0.04479,104163
1775738700000,0.04479,0.04479,0.04432,0.04463,1212314
1775739600000,0.04463,0.04484,0.0445,0.04475,150807
1775740500000,0.04475,0.04481,0.04453,0.04477,857764
1775741400000,0.04477,0.04491,0.04439,0.04444,564113
1775742300000,0.04444,0.04468,0.04444,0.04468,398630
1775743200000,0.04468,0.04507,0.04467,0.04501,237752
1775744100000,0.04501,0.04502,0.0445,0.04452,147902
1775745000000,0.04452,0.04508,0.04452,0.04498,209197
1775745900000,0.04498,0.04537,0.04498,0.04522,169543
1775746800000,0.04522,0.04543,0.0451,0.04531,197871
1775747700000,0.04531,0.04557,0.04516,0.04519,343975
1775748600000,0.04519,0.04587,0.04513,0.04582,1023663
1775749500000,0.04582,0.04642,0.04582,0.04639,1010177
1775750400000,0.04639,0.0468,0.04617,0.04617,1158395
1775751300000,0.04617,0.04642,0.04596,0.0462,809507
1775752200000,0.0462,0.0462,0.04573,0.04584,659011
1775753100000,0.04584,0.04635,0.04584,0.04595,623415
1775754000000,0.04595,0.04599,0.04568,0.04585,324082
1775754900000,0.04585,0.04601,0.0457,0.04576,279110
1775755800000,0.04576,0.04607,0.04562,0.04589,686131
1775756700000,0.04589,0.04607,0.04588,0.04607,108517
1775757600000,0.04607,0.04622,0.046,0.04607,106558
1775758500000,0.04607,0.04608,0.0459,0.04599,56608
1775759400000,0.04599,0.04627,0.04591,0.04616,701757
1775760300000,0.04616,0.04637,0.04616,0.04624,212028
1775761200000,0.04624,0.04662,0.04624,0.04657,487222
1775762100000,0.04657,0.04664,0.04644,0.04664,691623
1775763000000,0.04664,0.04701,0.04652,0.04699,634567
1775763900000,0.04699,0.04704,0.04651,0.04664,252962
1775764800000,0.04664,0.04699,0.04664,0.04695,104508
1775765700000,0.04695,0.04731,0.04684,0.04724,789569
1775766600000,0.04724,0.0473,0.04693,0.04701,426437
1775767500000,0.04701,0.04767,0.04699,0.04765,560767
1775768400000,0.04765,0.04807,0.0476,0.04807,273462
1775769300000,0.04807,0.0485,0.048,0.04815,1182379
1775770200000,0.04815,0.04848,0.04795,0.04823,3158596
1775771100000,0.04823,0.04888,0.04813,0.04883,1274996
1775772000000,0.04883,0.04941,0.04866,0.04941,3323764
1775772900000,0.04941,0.0502,0.04926,0.0497,995499
1775773800000,0.0497,0.05014,0.04927,0.04998,1428022
1775774700000,0.04998,0.05016,0.04947,0.04952,1122899
1775775600000,0.04952,0.04955,0.04819,0.04826,2124661
1775776500000,0.04826,0.04853,0.04796,0.04807,608098
1775777400000,0.04807,0.04807,0.04762,0.04762,1099307
1775778300000,0.04762,0.04783,0.04736,0.04778,909640
1775779200000,0.04778,0.04783,0.04692,0.04707,1472053
1775780100000,0.04707,0.04722,0.04678,0.04688,980742
1775781000000,0.04688,0.04697,0.04669,0.04695,191202
1775781900000,0.04695,0.04695,0.04656,0.0466,177988
1775782800000,0.0466,0.0466,0.04578,0.04589,1208090
1775783700000,0.04589,0.04622,0.04588,0.04614,286336
1775784600000,0.04614,0.0465,0.04613,0.04627,285501
1775785500000,0.04627,0.04636,0.04607,0.04607,175048
1775786400000,0.04607,0.04631,0.04607,0.04617,62611
1775787300000,0.04617,0.04617,0.04593,0.04602,25416
1775788200000,0.04602,0.04613,0.04602,0.04608,180899
1775789100000,0.04608,0.04608,0.04591,0.04594,159766
1775790000000,0.04594,0.04629,0.04594,0.04596,529472
1775790900000,0.04596,0.04604,0.04557,0.04562,397575
1775791800000,0.04562,0.04584,0.04562,0.04582,210331
1775792700000,0.04582,0.04585,0.04574,0.04574,327604
1775793600000,0.04574,0.04619,0.04573,0.04611,725325
1775794500000,0.04611,0.04633,0.0461,0.04618,482979
1775795400000,0.04618,0.04631,0.04613,0.04615,321613
1775796300000,0.04615,0.04694,0.04615,0.04684,512588
1775797200000,0.04684,0.04701,0.0466,0.04687,879895
1775798100000,0.04687,0.04718,0.0467,0.04717,348433
1775799000000,0.04717,0.04774,0.04714,0.04755,711012
1775799900000,0.04755,0.04776,0.04744,0.04753,475059
1775800800000,0.04753,0.04783,0.04743,0.04783,553956
1775801700000,0.04783,0.0481,0.04775,0.048,251260
1775802600000,0.048,0.0482,0.04764,0.04785,370586
1775803500000,0.04785,0.04785,0.04689,0.04694,748485
1775804400000,0.04694,0.04694,0.04656,0.04666,291600
1775805300000,0.04666,0.04723,0.04652,0.04721,239451
1775806200000,0.04721,0.04769,0.04721,0.04746,330577
1775807100000,0.04746,0.04746,0.04712,0.04726,75636
1775808000000,0.04726,0.04737,0.04691,0.04696,268203
1775808900000,0.04696,0.04715,0.04688,0.04703,119273
1775809800000,0.04703,0.04745,0.04703,0.04714,103564
1775810700000,0.04714,0.04714,0.04658,0.04663,166425
1775811600000,0.04663,0.04699,0.04663,0.04683,155737
1775812500000,0.04683,0.04721,0.0468,0.04719,276815
1775813400000,0.04719,0.04719,0.0468,0.04681,127870
1775814300000,0.04681,0.04682,0.04643,0.04665,142449
1775815200000,0.04665,0.04677,0.04644,0.04661,44843
1775816100000,0.04661,0.04673,0.04656,0.04661,85810
1775817000000,0.04661,0.04672,0.04623,0.04627,198658
1775817900000,0.04627,0.04637,0.04617,0.04633,105914
1775818800000,0.04633,0.04637,0.04603,0.04609,378874
1775819700000,0.04609,0.04611,0.046,0.04603,155398
1775820600000,0.04603,0.04636,0.04603,0.04617,92526
1775821500000,0.04617,0.0463,0.04617,0.0463,47204
1775822400000,0.0463,0.04653,0.04626,0.04637,292939
1775823300000,0.04637,0.04646,0.04615,0.04637,757800
1775824200000,0.04637,0.04655,0.04625,0.04644,1000709
1775825100000,0.04644,0.04646,0.04634,0.0464,34715
1775826000000,0.0464,0.04664,0.04633,0.04655,386089
1775826900000,0.04655,0.04679,0.04651,0.04665,430996
1775827800000,0.04665,0.04665,0.04636,0.04655,186655
1775828700000,0.04655,0.04695,0.04655,0.04693,395430
1775829600000,0.04693,0.04716,0.04683,0.04714,380958
1775830500000,0.04714,0.04762,0.04714,0.0476,561965
1775831400000,0.0476,0.04785,0.04746,0.0478,1137476
1775832300000,0.0478,0.04792,0.04761,0.04775,375478
1775833200000,0.04775,0.04808,0.04775,0.04778,193142
1775834100000,0.04778,0.04778,0.04737,0.04741,237284
1775835000000,0.04741,0.04759,0.04709,0.04741,890893
1775835900000,0.04741,0.0475,0.04715,0.04717,60886
1775836800000,0.04717,0.0479,0.04715,0.04785,889307
1775837700000,0.04785,0.04792,0.04739,0.04748,91750
1775838600000,0.04748,0.04757,0.04732,0.04752,74573
1775839500000,0.04752,0.04752,0.04729,0.0473,291160
1775840400000,0.0473,0.0473,0.0469,0.04695,29925
1775841300000,0.04695,0.04707,0.0469,0.04707,123452
1775842200000,0.04707,0.0473,0.04706,0.04729,116897
1775843100000,0.04729,0.04741,0.04714,0.04738,576369
1775844000000,0.04738,0.04796,0.04729,0.04781,2968640
1775844900000,0.04781,0.048,0.04737,0.04754,913360
1775845800000,0.04754,0.04776,0.04745,0.0476,150095
1775846700000,0.0476,0.04771,0.04752,0.04752,221287
1775847600000,0.04752,0.04761,0.04743,0.04761,95345
1775848500000,0.04761,0.04762,0.04756,0.04758,21362
1775849400000,0.04758,0.04768,0.04741,0.04768,274486
1775850300000,0.04768,0.0477,0.04754,0.04764,56580
1775851200000,0.04764,0.0479,0.04755,0.04768,415851
1775852100000,0.04768,0.04768,0.04755,0.04758,229762
1775853000000,0.04758,0.04765,0.04737,0.04754,139115
1775853900000,0.04754,0.0478,0.04752,0.04779,65940
1775854800000,0.04779,0.04779,0.04735,0.04735,13884
1775855700000,0.04735,0.04747,0.04735,0.04747,16263
1775856600000,0.04747,0.04763,0.04747,0.04754,3538
1775857500000,0.04754,0.04767,0.04754,0.04767,733
1775858400000,0.04767,0.04767,0.04749,0.04749,110017
1775859300000,0.04749,0.04757,0.04745,0.04757,221069
1775860200000,0.04757,0.04761,0.04739,0.0474,257786
1775861100000,0.0474,0.04756,0.0474,0.04756,4546
1775862000000,0.04756,0.0478,0.04756,0.0478,160693
1775862900000,0.0478,0.0478,0.04766,0.04776,21223
1775863800000,0.04776,0.04784,0.04768,0.04768,22307
1775864700000,0.04768,0.0477,0.0475,0.04753,99779
1775865600000,0.04753,0.04753,0.04664,0.04681,1909357
1775866500000,0.04681,0.04707,0.04673,0.04696,86615
1775867400000,0.04696,0.04709,0.04676,0.04678,585759
1775868300000,0.04678,0.04696,0.04636,0.0469,1488846
1775869200000,0.0469,0.04705,0.04679,0.04693,400394
1775870100000,0.04693,0.04693,0.04664,0.04675,982027
1775871000000,0.04675,0.04691,0.04653,0.04691,471621
1775871900000,0.04691,0.0472,0.0469,0.04704,892925
1775872800000,0.04704,0.04714,0.0469,0.04714,317493
1775873700000,0.04714,0.04729,0.04697,0.04697,420356
1775874600000,0.04697,0.04719,0.04697,0.047,406322
1775875500000,0.047,0.047,0.04685,0.04686,101226
1775876400000,0.04686,0.04698,0.04686,0.04698,20293
1775877300000,0.04698,0.04699,0.04691,0.04692,24986
1775878200000,0.04692,0.04709,0.04678,0.04709,75324
1775879100000,0.04709,0.04709,0.04681,0.04689,179605
1775880000000,0.04689,0.04721,0.04682,0.04687,97265
1775880900000,0.04687,0.04699,0.04678,0.04697,182598
1775881800000,0.04697,0.04709,0.04694,0.04695,95645
1775882700000,0.04695,0.04695,0.04683,0.04683,19064
1775883600000,0.04683,0.04683,0.04647,0.04648,264527
1775884500000,0.04648,0.04675,0.0464,0.04675,164322
1775885400000,0.04675,0.04689,0.04666,0.04674,89800
1775886300000,0.04674,0.04674,0.04638,0.04638,711824
1775887200000,0.04638,0.0464,0.04621,0.04623,112301
1775888100000,0.04623,0.04626,0.04607,0.04607,84129
1775889000000,0.04607,0.04613,0.04607,0.0461,3645
1775889900000,0.0461,0.04615,0.04581,0.04612,453173
1775890800000,0.04612,0.0463,0.04612,0.04626,289145
1775891700000,0.04626,0.04631,0.04621,0.0463,128203
1775892600000,0.0463,0.04635,0.04619,0.04629,69281
1775893500000,0.04629,0.0463,0.04628,0.0463,4007
1775894400000,0.0463,0.04642,0.04622,0.04638,200022
1775895300000,0.04638,0.04639,0.04631,0.04631,124374
1775896200000,0.04631,0.04632,0.04625,0.04632,79462
1775897100000,0.04632,0.04645,0.04632,0.0464,148641
1775898000000,0.0464,0.04648,0.0464,0.04643,59971
1775898900000,0.04643,0.04673,0.04636,0.04639,909523
1775899800000,0.04639,0.04639,0.04619,0.04619,630272
1775900700000,0.04619,0.04664,0.04619,0.04643,175322
1775901600000,0.04643,0.04644,0.04623,0.04623,97322
1775902500000,0.04623,0.04623,0.04613,0.04613,123804
1775903400000,0.04613,0.04626,0.04612,0.04626,36372
1775904300000,0.04626,0.04626,0.04621,0.04624,5665
1775905200000,0.04624,0.04624,0.04609,0.04616,191072
1775906100000,0.04616,0.0462,0.0461,0.0462,20911
1775907000000,0.0462,0.0462,0.04604,0.04615,64664
1775907900000,0.04615,0.04616,0.04606,0.04607,31737
1775908800000,0.04607,0.04608,0.04568,0.04573,1007321
1775909700000,0.04573,0.04575,0.04554,0.0456,49133
1775910600000,0.0456,0.04562,0.04546,0.04546,358277
1775911500000,0.04546,0.04559,0.04543,0.04543,90018
1775912400000,0.04543,0.04553,0.04528,0.04541,349240
1775913300000,0.04541,0.04545,0.04525,0.04525,445229
1775914200000,0.04525,0.04536,0.04516,0.04536,205644
1775915100000,0.04536,0.04552,0.04536,0.04552,20133
1775916000000,0.04552,0.04575,0.04552,0.04573,110420
1775916900000,0.04573,0.04574,0.04565,0.0457,91639
1775917800000,0.0457,0.0457,0.04543,0.04545,392728
1775918700000,0.04545,0.04549,0.04539,0.0454,110941
1775919600000,0.0454,0.04544,0.04538,0.04543,49939
1775920500000,0.04543,0.04555,0.04529,0.04529,55987
1775921400000,0.04529,0.04529,0.0449,0.045,161401
1775922300000,0.045,0.04521,0.045,0.04518,100818
1775923200000,0.04518,0.04539,0.04514,0.04525,246906
1775924100000,0.04525,0.04546,0.04525,0.04534,57187
1775925000000,0.04534,0.04576,0.04533,0.04551,169047
1775925900000,0.04551,0.04556,0.04543,0.04543,115019
1775926800000,0.04543,0.04543,0.04519,0.04519,148398
1775927700000,0.04519,0.04532,0.04519,0.04526,61928
1775928600000,0.04526,0.04541,0.04526,0.0454,108136
1775929500000,0.0454,0.0454,0.0451,0.0451,225331
1775930400000,0.0451,0.04513,0.04504,0.04508,361174
1775931300000,0.04508,0.04519,0.04508,0.04519,220
1775932200000,0.04519,0.04571,0.04519,0.04556,603651
1775933100000,0.04556,0.0457,0.0455,0.0455,82767
1775934000000,0.0455,0.04563,0.04549,0.04552,213605
1775934900000,0.04552,0.04586,0.04552,0.04583,992746
1775935800000,0.04583,0.04597,0.04579,0.0458,511004
1775936700000,0.0458,0.04585,0.04571,0.04584,85012
1775937600000,0.04584,0.04586,0.0458,0.0458,36834
1775938500000,0.0458,0.04586,0.04573,0.04585,68566
1775939400000,0.04585,0.04593,0.04571,0.04584,102182
1775940300000,0.04584,0.04584,0.04572,0.04574,3446
1775941200000,0.04574,0.04574,0.04555,0.04572,241456
1775942100000,0.04572,0.04572,0.04564,0.04569,135770
1775943000000,0.04569,0.04569,0.0456,0.04569,156649
1775943900000,0.04569,0.04571,0.04567,0.0457,95805
1775944800000,0.0457,0.0457,0.04562,0.04566,30695
1775945700000,0.04566,0.04578,0.04566,0.04574,92130
1775946600000,0.04574,0.04574,0.04535,0.04547,252975
1775947500000,0.04547,0.04551,0.04538,0.04546,112113
1775948400000,0.04546,0.04548,0.04515,0.04525,493697
1775949300000,0.04525,0.04546,0.04525,0.04539,11009
1775950200000,0.04539,0.04544,0.04533,0.04544,23071
1775951100000,0.04544,0.04547,0.04539,0.04545,40897
1775952000000,0.04545,0.04553,0.04535,0.04535,152114
1775952900000,0.04535,0.0455,0.04535,0.04549,26443
1775953800000,0.04549,0.04551,0.04537,0.04547,130874
1775954700000,0.04547,0.04547,0.04534,0.04537,2605
1775955600000,0.04537,0.0454,0.04505,0.04505,62614
1775956500000,0.04505,0.04516,0.04502,0.04515,373321
1775957400000,0.04515,0.04517,0.0446,0.04495,1681270
1775958300000,0.04495,0.04495,0.04432,0.04439,964024
1775959200000,0.04439,0.04454,0.04402,0.04449,642720
1775960100000,0.04449,0.04467,0.04443,0.04455,329440
1775961000000,0.04455,0.04477,0.04455,0.04469,93692
1775961900000,0.04469,0.04469,0.04459,0.04461,16296
1775962800000,0.04461,0.04464,0.04453,0.04464,94928
1775963700000,0.04464,0.04471,0.04451,0.04451,25912
1775964600000,0.04451,0.0447,0.04451,0.04465,131419
1775965500000,0.04465,0.04468,0.04464,0.04466,28483
1775966400000,0.04466,0.0447,0.04462,0.0447,16836
1775967300000,0.0447,0.04471,0.04457,0.04457,52160
1775968200000,0.04457,0.0446,0.04452,0.04459,13824
1775969100000,0.04459,0.04469,0.04458,0.04458,233477
1775970000000,0.04458,0.04466,0.04448,0.04462,75346
1775970900000,0.04462,0.04472,0.04457,0.04462,19746
1775971800000,0.04462,0.04465,0.04449,0.04452,26795
1775972700000,0.04452,0.04465,0.04444,0.04465,48206
1775973600000,0.04465,0.0447,0.04462,0.04466,6343
1775974500000,0.04466,0.04469,0.04459,0.0446,6401
1775975400000,0.0446,0.0446,0.04442,0.04442,12250
1775976300000,0.04442,0.04442,0.04431,0.04432,24067
1775977200000,0.04432,0.04436,0.04423,0.04432,38707
1775978100000,0.04432,0.04432,0.04425,0.04427,16006
1775979000000,0.04427,0.04427,0.04422,0.04423,5594
1775979900000,0.04423,0.04423,0.04418,0.04422,3085
1775980800000,0.04422,0.04431,0.04413,0.04417,276116
1775981700000,0.04417,0.04433,0.04415,0.04433,43308
1775982600000,0.04433,0.04439,0.04421,0.04425,126129
1775983500000,0.04425,0.04425,0.04414,0.04421,40430
1775984400000,0.04421,0.04434,0.04421,0.04428,304651
1775985300000,0.04428,0.0443,0.04425,0.04426,47964
1775986200000,0.04426,0.04426,0.04413,0.04415,14379
1775987100000,0.04415,0.04415,0.04404,0.04404,72471
1775988000000,0.04404,0.04404,0.04384,0.04393,296584
1775988900000,0.04393,0.04393,0.0438,0.04386,37026
1775989800000,0.04386,0.04386,0.0438,0.04385,60465
1775990700000,0.04385,0.04387,0.04372,0.04377,205166
1775991600000,0.04377,0.04394,0.04374,0.04394,18010
1775992500000,0.04394,0.04406,0.04388,0.04388,68467
1775993400000,0.04388,0.04391,0.04368,0.04368,9642
1775994300000,0.04368,0.04371,0.04368,0.04369,20268
1775995200000,0.04369,0.04378,0.04362,0.04374,40589
1775996100000,0.04374,0.04378,0.0437,0.0437,46219
1775997000000,0.0437,0.04402,0.04353,0.04401,90400
1775997900000,0.04401,0.04404,0.04377,0.04377,115636
1775998800000,0.04377,0.044,0.04372,0.04397,250977
1775999700000,0.04397,0.04397,0.04385,0.04386,47999
1776000600000,0.04386,0.0439,0.04364,0.04372,112208
1776001500000,0.04372,0.04378,0.04363,0.04363,17599
1776002400000,0.04363,0.04367,0.04356,0.0436,48343
1776003300000,0.0436,0.04369,0.04357,0.04369,34452
1776004200000,0.04369,0.04372,0.04363,0.04363,27177
1776005100000,0.04363,0.04368,0.0436,0.04362,235904
1776006000000,0.04362,0.04365,0.04355,0.04365,33502
1776006900000,0.04365,0.04378,0.04358,0.04371,257415
1776007800000,0.04371,0.04385,0.04361,0.04377,662198
1776008700000,0.04377,0.04386,0.04371,0.0438,436477
1776009600000,0.0438,0.0438,0.04372,0.04372,47430
1776010500000,0.04372,0.04374,0.04358,0.04371,125317
1776011400000,0.04371,0.04371,0.04362,0.04362,7957
1776012300000,0.04362,0.04364,0.04355,0.04356,8354
1776013200000,0.04356,0.04377,0.04356,0.04369,29107
1776014100000,0.04369,0.04378,0.04363,0.04373,31813
1776015000000,0.04373,0.04375,0.0437,0.04375,37213
1776015900000,0.04375,0.04421,0.04375,0.04408,213332
1776016800000,0.04408,0.04414,0.04402,0.04404,37517
1776017700000,0.04404,0.04406,0.04393,0.04393,14881
1776018600000,0.04393,0.044,0.0439,0.04395,81933
1776019500000,0.04395,0.04395,0.0438,0.04382,11393
1776020400000,0.04382,0.04388,0.04377,0.04383,94336
1776021300000,0.04383,0.04394,0.04382,0.04383,57317
1776022200000,0.04383,0.04383,0.04383,0.04383,3102
1776023100000,0.04383,0.04387,0.04377,0.04379,48952
1776024000000,0.04379,0.04385,0.04378,0.04381,29149
1776024900000,0.04381,0.04381,0.04373,0.04376,19000
1776025800000,0.04376,0.04407,0.04372,0.04407,172474
1776026700000,0.04407,0.04407,0.04401,0.04402,4370
1776027600000,0.04402,0.04402,0.04382,0.04382,79014
1776028500000,0.04382,0.04383,0.04382,0.04383,885
1776029400000,0.04383,0.04383,0.04374,0.04378,15806
1776030300000,0.04378,0.04378,0.04375,0.04375,4744
1776031200000,0.04375,0.04375,0.04338,0.04364,438765
1776032100000,0.04364,0.04364,0.04333,0.04341,44261
1776033000000,0.04341,0.04361,0.04333,0.04359,85998
1776033900000,0.04359,0.04359,0.0434,0.04344,413418
1776034800000,0.04344,0.04344,0.04325,0.04331,59058
1776035700000,0.04331,0.04339,0.04328,0.04334,31745
1776036600000,0.04334,0.04334,0.04318,0.04319,17608
1776037500000,0.04319,0.04326,0.04316,0.04316,24857
1776038400000,0.04316,0.04325,0.04313,0.04324,51761
1776039300000,0.04324,0.04354,0.04324,0.04349,65501
1776040200000,0.04349,0.04356,0.04335,0.04335,18566
1776041100000,0.04335,0.0434,0.04331,0.04332,54806
1776042000000,0.04332,0.04333,0.0433,0.04333,2696
1776042900000,0.04333,0.04333,0.04323,0.04325,120699
1776043800000,0.04325,0.04327,0.04319,0.04327,50664
1776044700000,0.04327,0.04348,0.04327,0.04348,21870
1776045600000,0.04348,0.04348,0.04337,0.0434,22708
1776046500000,0.0434,0.04352,0.0434,0.04342,23299
1776047400000,0.04342,0.04344,0.04327,0.04327,89453
1776048300000,0.04327,0.04328,0.04321,0.04323,18035
1776049200000,0.04323,0.04326,0.04315,0.04324,53464
1776050100000,0.04324,0.04342,0.04324,0.04342,1531
1776051000000,0.04342,0.04347,0.04342,0.04347,14049
1776051900000,0.04347,0.04347,0.04334,0.04337,117591
1776052800000,0.04337,0.04337,0.0433,0.0433,158066
1776053700000,0.0433,0.04337,0.04326,0.04333,8311
1776054600000,0.04333,0.04344,0.0433,0.04336,62505
1776055500000,0.04336,0.04336,0.04308,0.04312,93219
1776056400000,0.04312,0.04314,0.04302,0.04302,70098
1776057300000,0.04302,0.04306,0.04286,0.04304,107519
1776058200000,0.04304,0.04304,0.0428,0.04288,8080
1776059100000,0.04288,0.043,0.04288,0.043,248511
1776060000000,0.043,0.04313,0.043,0.04308,24215
1776060900000,0.04308,0.0432,0.04302,0.04315,20321
1776061800000,0.04315,0.04315,0.04303,0.04311,15521
1776062700000,0.04311,0.04325,0.04311,0.04322,9515
1776063600000,0.04322,0.04324,0.04316,0.04319,187210
1776064500000,0.04319,0.04319,0.04285,0.04286,36899
1776065400000,0.04286,0.04292,0.04264,0.04282,1713420
1776066300000,0.04282,0.04282,0.04265,0.04265,117406
1776067200000,0.04265,0.04267,0.04254,0.04259,73530
1776068100000,0.04259,0.04267,0.04258,0.04265,92315
1776069000000,0.04265,0.04265,0.04238,0.04243,351122
1776069900000,0.04243,0.04249,0.04236,0.04249,279785
1776070800000,0.04249,0.04269,0.04249,0.0426,163237
1776071700000,0.0426,0.04262,0.04252,0.04252,522437
1776072600000,0.04252,0.04266,0.04248,0.04266,98335
1776073500000,0.04266,0.04272,0.04266,0.04272,4570
1776074400000,0.04272,0.04274,0.04258,0.04262,596738
1776075300000,0.04262,0.04264,0.0425,0.0425,55557
1776076200000,0.0425,0.0425,0.04242,0.04242,216581
1776077100000,0.04242,0.04242,0.04236,0.04238,70276
1776078000000,0.04238,0.04244,0.04227,0.04227,725528
1776078900000,0.04227,0.04229,0.04209,0.04225,896646
1776079800000,0.04225,0.04233,0.04225,0.04232,105918
1776080700000,0.04232,0.04241,0.04232,0.04241,46824
1776081600000,0.04241,0.04259,0.04238,0.04255,63114
1776082500000,0.04255,0.04255,0.04226,0.04226,46174
1776083400000,0.04226,0.04264,0.04226,0.04264,665678
1776084300000,0.04264,0.04274,0.04261,0.04265,125615
1776085200000,0.04265,0.04271,0.04255,0.04271,523719
1776086100000,0.04271,0.04275,0.0426,0.04268,164632
1776087000000,0.04268,0.0427,0.04247,0.04251,44886
1776087900000,0.04251,0.043,0.04245,0.04291,790378
1776088800000,0.04291,0.04294,0.04278,0.04284,125304
1776089700000,0.04284,0.04286,0.04268,0.04278,79764
1776090600000,0.04278,0.04301,0.04278,0.04297,106901
1776091500000,0.04297,0.043,0.04279,0.04294,112331
1776092400000,0.04294,0.04304,0.04273,0.04278,874525
1776093300000,0.04278,0.04283,0.0427,0.04271,166964
1776094200000,0.04271,0.04271,0.04247,0.04264,262544
1776095100000,0.04264,0.04275,0.04259,0.04275,29238
1776096000000,0.04275,0.04275,0.04221,0.04222,525038
1776096900000,0.04222,0.04231,0.04205,0.04231,825865
1776097800000,0.04231,0.04244,0.0423,0.04238,315495
1776098700000,0.04238,0.0424,0.04227,0.04237,47370
1776099600000,0.04237,0.04238,0.04223,0.04233,34301
1776100500000,0.04233,0.04253,0.04231,0.04253,231491
1776101400000,0.04253,0.0427,0.04247,0.04247,121228
1776102300000,0.04247,0.04247,0.04222,0.04225,770929
1776103200000,0.04225,0.04239,0.04217,0.04237,206610
1776104100000,0.04237,0.04238,0.04221,0.04223,336830
1776105000000,0.04223,0.04236,0.04223,0.0423,352631
1776105900000,0.0423,0.04245,0.0423,0.0424,26467
1776106800000,0.0424,0.0425,0.0424,0.04244,31984
1776107700000,0.04244,0.04278,0.04244,0.04271,187360
1776108600000,0.04271,0.04297,0.04271,0.04294,898575
1776109500000,0.04294,0.04328,0.04293,0.04325,325499
1776110400000,0.04325,0.04325,0.043,0.043,85254
1776111300000,0.043,0.043,0.04286,0.04295,46977
1776112200000,0.04295,0.04304,0.0429,0.04303,101278
1776113100000,0.04303,0.04303,0.04292,0.04294,11204
1776114000000,0.04294,0.04308,0.04281,0.04306,65161
1776114900000,0.04306,0.04324,0.04294,0.04322,56500
1776115800000,0.04322,0.04322,0.04307,0.04313,66528
1776116700000,0.04313,0.04314,0.0431,0.04312,21382
1776117600000,0.04312,0.0435,0.04312,0.04349,487424
1776118500000,0.04349,0.04393,0.04345,0.04381,295254
1776119400000,0.04381,0.044,0.04368,0.04385,1122311
1776120300000,0.04385,0.04428,0.04377,0.04425,143956
1776121200000,0.04425,0.0444,0.04408,0.04437,102771
1776122100000,0.04437,0.04477,0.04434,0.04477,248025
1776123000000,0.04477,0.04479,0.04443,0.04443,70655
1776123900000,0.04443,0.04443,0.04418,0.04424,149857
1776124800000,0.04424,0.04439,0.04394,0.04394,345892
1776125700000,0.04394,0.04397,0.04371,0.04371,187919
1776126600000,0.04371,0.04374,0.04356,0.04359,148276
1776127500000,0.04359,0.04363,0.04342,0.04342,79757
1776128400000,0.04342,0.04361,0.04329,0.04361,25281
1776129300000,0.04361,0.04376,0.04361,0.04365,842893
1776130200000,0.04365,0.04382,0.04344,0.04381,789558
1776131100000,0.04381,0.04414,0.04381,0.04383,477677
1776132000000,0.04383,0.04394,0.04383,0.04394,12078
1776132900000,0.04394,0.04394,0.04385,0.04388,34421
1776133800000,0.04388,0.04408,0.04388,0.04404,331018
1776134700000,0.04404,0.04405,0.04388,0.044,262387
1776135600000,0.044,0.04406,0.04385,0.04406,46365
1776136500000,0.04406,0.04409,0.04392,0.04405,47949
1776137400000,0.04405,0.04437,0.04405,0.04427,149698
1776138300000,0.04427,0.04427,0.04395,0.04404,274028
1776139200000,0.04404,0.04418,0.04403,0.04407,17488
1776140100000,0.04407,0.04419,0.044,0.04416,70985
1776141000000,0.04416,0.0442,0.04385,0.04385,176717
1776141900000,0.04385,0.04388,0.04372,0.04388,64190
1776142800000,0.04388,0.04388,0.04359,0.04366,295407
1776143700000,0.04366,0.04367,0.04355,0.04364,29114
1776144600000,0.04364,0.04364,0.04321,0.0433,455900
1776145500000,0.0433,0.0433,0.04315,0.04324,94292
1776146400000,0.04324,0.04342,0.04324,0.04324,33469
1776147300000,0.04324,0.04341,0.04323,0.04333,124033
1776148200000,0.04333,0.04333,0.04318,0.04318,32723
1776149100000,0.04318,0.04325,0.04315,0.04324,83987
1776150000000,0.04324,0.04325,0.04307,0.04313,176726
1776150900000,0.04313,0.04313,0.04304,0.04313,113768
1776151800000,0.04313,0.04398,0.04309,0.04388,2869075
1776152700000,0.04388,0.04389,0.04366,0.04372,1157574
1776153600000,0.04372,0.04374,0.04351,0.04369,1123189
1776154500000,0.04369,0.04376,0.04367,0.04367,40199
1776155400000,0.04367,0.04367,0.04348,0.04361,627624
1776156300000,0.04361,0.04374,0.04357,0.0436,23496
1776157200000,0.0436,0.04372,0.0435,0.04372,58115
1776158100000,0.04372,0.04377,0.0437,0.0437,42019
1776159000000,0.0437,0.0437,0.04351,0.04351,26324
1776159900000,0.04351,0.04375,0.04351,0.04372,44861
1776160800000,0.04372,0.04372,0.0435,0.04354,120893
1776161700000,0.04354,0.04355,0.04341,0.04341,38251
1776162600000,0.04341,0.04341,0.04336,0.04341,7088
1776163500000,0.04341,0.04354,0.04339,0.04349,897088
1776164400000,0.04349,0.04349,0.04321,0.04323,764568
1776165300000,0.04323,0.04325,0.04311,0.04325,44286
1776166200000,0.04325,0.04329,0.04315,0.04325,28407
1776167100000,0.04325,0.04334,0.0432,0.0433,77255
1776168000000,0.0433,0.04331,0.0432,0.0433,56590
1776168900000,0.0433,0.04331,0.04326,0.04329,30157
1776169800000,0.04329,0.04333,0.04323,0.0433,17892
1776170700000,0.0433,0.04346,0.04328,0.04346,25982
1776171600000,0.04346,0.04375,0.04346,0.04366,442523
1776172500000,0.04366,0.04373,0.04355,0.0436,590800
1776173400000,0.0436,0.04384,0.04354,0.04384,327720
1776174300000,0.04384,0.04401,0.04384,0.04393,127663
1776175200000,0.04393,0.04396,0.04366,0.04385,134296
1776176100000,0.04385,0.04415,0.04375,0.04415,87094
1776177000000,0.04415,0.04436,0.04394,0.04406,850217
1776177900000,0.04406,0.04425,0.04397,0.04407,484490
1776178800000,0.04407,0.04415,0.04361,0.04391,155856
1776179700000,0.04391,0.04391,0.04348,0.04364,502309
1776180600000,0.04364,0.0439,0.04355,0.04389,276299
1776181500000,0.04389,0.04389,0.04362,0.04362,58092
1776182400000,0.04362,0.04367,0.04353,0.04353,48515
1776183300000,0.04353,0.04353,0.04331,0.04343,25076
1776184200000,0.04343,0.04356,0.04343,0.04351,35722
1776185100000,0.04351,0.04367,0.0433,0.04339,223426
1776186000000,0.04339,0.04357,0.04335,0.04357,74779
1776186900000,0.04357,0.04357,0.04344,0.04344,132561
1776187800000,0.04344,0.04344,0.04307,0.04323,535356
1776188700000,0.04323,0.04325,0.04318,0.04318,71821
1776189600000,0.04318,0.04332,0.04318,0.04321,66133
1776190500000,0.04321,0.04321,0.04274,0.04279,1084467
1776191400000,0.04279,0.04282,0.04259,0.04265,160546
1776192300000,0.04265,0.04268,0.0423,0.04245,429921
1776193200000,0.04245,0.04259,0.04245,0.04259,17526
1776194100000,0.04259,0.04273,0.04241,0.04261,510667
1776195000000,0.04261,0.04261,0.04244,0.04248,61172
1776195900000,0.04248,0.04254,0.04247,0.04254,189237
1776196800000,0.04254,0.04264,0.04254,0.04264,60570
1776197700000,0.04264,0.04264,0.04244,0.04247,59675
1776198600000,0.04247,0.04248,0.04233,0.0424,183413
1776199500000,0.0424,0.04245,0.04235,0.04235,100478
1776200400000,0.04235,0.04252,0.04233,0.04245,87265
1776201300000,0.04245,0.04255,0.04244,0.04255,22039
1776202200000,0.04255,0.04263,0.04255,0.04262,8905
1776203100000,0.04262,0.04269,0.04261,0.04269,16995
1776204000000,0.04269,0.04276,0.04264,0.04271,16534
1776204900000,0.04271,0.04271,0.04253,0.04253,120326
1776205800000,0.04253,0.04261,0.04246,0.04253,61621
1776206700000,0.04253,0.04258,0.04249,0.04249,19550
1776207600000,0.04249,0.04249,0.04237,0.0424,43374
1776208500000,0.0424,0.04257,0.0424,0.04253,9874
1776209400000,0.04253,0.04275,0.04253,0.04274,41399
1776210300000,0.04274,0.04279,0.04274,0.04279,68151
1776211200000,0.04279,0.04314,0.04277,0.04289,479877
1776212100000,0.04289,0.04302,0.04282,0.04298,336130
1776213000000,0.04298,0.04313,0.04298,0.04304,128068
1776213900000,0.04304,0.04304,0.04286,0.04286,52995
1776214800000,0.04286,0.04288,0.04286,0.04288,12076
1776215700000,0.04288,0.04304,0.04288,0.04301,94603
1776216600000,0.04301,0.04318,0.04301,0.04318,351968
1776217500000,0.04318,0.04318,0.0431,0.04313,57252
1776218400000,0.04313,0.04315,0.043,0.04302,24213
1776219300000,0.04302,0.04303,0.04288,0.04295,245679
1776220200000,0.04295,0.04295,0.04292,0.04295,24918
1776221100000,0.04295,0.04299,0.04294,0.04299,111702
1776222000000,0.04299,0.04308,0.04298,0.04298,5230
1776222900000,0.04298,0.04313,0.04298,0.0431,32850
1776223800000,0.0431,0.04327,0.0431,0.04314,43259
1776224700000,0.04314,0.04318,0.04309,0.04316,322732
1776225600000,0.04316,0.04348,0.04316,0.04348,17060
1776226500000,0.04348,0.04359,0.04348,0.04359,21173
1776227400000,0.04359,0.04364,0.04343,0.04361,1112364
1776228300000,0.04361,0.04361,0.04353,0.04359,153913
1776229200000,0.04359,0.04376,0.04356,0.04365,119340
1776230100000,0.04365,0.04365,0.04338,0.04339,169196
1776231000000,0.04339,0.04339,0.0431,0.0431,89132
1776231900000,0.0431,0.0432,0.04309,0.04319,8451
1776232800000,0.04319,0.04319,0.04287,0.04292,203429
1776233700000,0.04292,0.04296,0.04292,0.04296,50339
1776234600000,0.04296,0.04344,0.04296,0.0434,197986
1776235500000,0.0434,0.04349,0.04333,0.04345,414641
1776236400000,0.04345,0.04355,0.04344,0.04355,169329
1776237300000,0.04355,0.04357,0.0433,0.04336,188994
1776238200000,0.04336,0.04348,0.04331,0.04331,13384
1776239100000,0.04331,0.04338,0.04323,0.0433,257684
1776240000000,0.0433,0.04335,0.04324,0.0433,11178
1776240900000,0.0433,0.04344,0.0433,0.04344,7863
1776241800000,0.04344,0.04353,0.04344,0.04352,25294
1776242700000,0.04352,0.04352,0.04332,0.04332,16286
1776243600000,0.04332,0.04332,0.04309,0.04322,51222
1776244500000,0.04322,0.04335,0.04322,0.04335,6785
1776245400000,0.04335,0.04335,0.04321,0.04321,2889
1776246300000,0.04321,0.04344,0.04321,0.04343,50258
1776247200000,0.04343,0.04381,0.04342,0.04379,79978
1776248100000,0.04379,0.04379,0.04345,0.04348,86950
1776249000000,0.04348,0.0435,0.04315,0.04329,540779
1776249900000,0.04329,0.0434,0.04326,0.04337,107721
1776250800000,0.04337,0.04337,0.04326,0.04329,9585
1776251700000,0.04329,0.04339,0.04329,0.04337,51460
1776252600000,0.04337,0.04337,0.04321,0.04328,136361
1776253500000,0.04328,0.04353,0.04328,0.04334,671670
1776254400000,0.04334,0.04343,0.04331,0.0434,275659
1776255300000,0.0434,0.04349,0.04335,0.04349,45062
1776256200000,0.04349,0.04376,0.04346,0.04375,201669
1776257100000,0.04375,0.04375,0.04354,0.04356,77387
1776258000000,0.04356,0.04356,0.04343,0.04344,32861
1776258900000,0.04344,0.04353,0.04343,0.04353,22586
1776259800000,0.04353,0.04354,0.04327,0.0434,440645
1776260700000,0.0434,0.04355,0.04335,0.04349,220450
1776261600000,0.04349,0.04368,0.04347,0.04368,22701
1776262500000,0.04368,0.04391,0.04368,0.04391,44333
1776263400000,0.04391,0.0444,0.04391,0.04425,454322
1776264300000,0.04425,0.04477,0.04425,0.04474,325170
1776265200000,0.04474,0.04498,0.04429,0.04429,1086555
1776266100000,0.04429,0.0447,0.04429,0.04447,70700
1776267000000,0.04447,0.04447,0.04412,0.04443,378148
1776267900000,0.04443,0.04445,0.04427,0.04434,13879
1776268800000,0.04434,0.04454,0.04426,0.04454,137732
1776269700000,0.04454,0.04468,0.04444,0.04467,260147
1776270600000,0.04467,0.0449,0.04461,0.04485,223553
1776271500000,0.04485,0.04511,0.04479,0.04509,156534
1776272400000,0.04509,0.04539,0.045,0.04536,277490
1776273300000,0.04536,0.04555,0.0452,0.04545,232806
1776274200000,0.04545,0.04566,0.04513,0.04522,96175
1776275100000,0.04522,0.04554,0.04522,0.04533,71669
1776276000000,0.04533,0.04557,0.04529,0.04557,131110
1776276900000,0.04557,0.04578,0.0454,0.0454,302804
1776277800000,0.0454,0.04546,0.04531,0.04541,48936
1776278700000,0.04541,0.04566,0.04538,0.04544,551047
1776279600000,0.04544,0.04544,0.04516,0.0452,265765
1776280500000,0.0452,0.0454,0.0452,0.04535,11338
1776281400000,0.04535,0.04571,0.04535,0.04548,125109
1776282300000,0.04548,0.04548,0.04531,0.04541,100061
1776283200000,0.04541,0.04541,0.04525,0.04538,45181
1776284100000,0.04538,0.04538,0.04518,0.04522,51418
1776285000000,0.04522,0.04543,0.04516,0.04519,27063
1776285900000,0.04519,0.04526,0.04513,0.04521,46175
1776286800000,0.04521,0.04542,0.0452,0.0454,151680
1776287700000,0.0454,0.0454,0.0451,0.04513,18523
1776288600000,0.04513,0.04527,0.04513,0.04527,9239
1776289500000,0.04527,0.04551,0.04527,0.04551,21245
1776290400000,0.04551,0.04558,0.04548,0.04548,220987
1776291300000,0.04548,0.04554,0.04539,0.04547,226905
1776292200000,0.04547,0.0456,0.04543,0.0455,45621
1776293100000,0.0455,0.0455,0.04527,0.04527,51554
1776294000000,0.04527,0.04527,0.04503,0.04526,893658
1776294900000,0.04526,0.04526,0.04493,0.04496,245793
1776295800000,0.04496,0.04505,0.0448,0.04488,409049
1776296700000,0.04488,0.04528,0.04488,0.04527,52807
1776297600000,0.04527,0.04532,0.04505,0.04505,46675
1776298500000,0.04505,0.04505,0.04495,0.04504,85310
1776299400000,0.04504,0.04527,0.045,0.04527,138034
1776300300000,0.04527,0.04528,0.04507,0.04507,14778
1776301200000,0.04507,0.04507,0.04472,0.04485,168114
1776302100000,0.04485,0.04501,0.04485,0.04488,35336
1776303000000,0.04488,0.04524,0.04488,0.04517,219120
1776303900000,0.04517,0.04526,0.04511,0.04523,251899
1776304800000,0.04523,0.04553,0.04523,0.04546,109232
1776305700000,0.04546,0.04554,0.04516,0.0452,109252
1776306600000,0.0452,0.04562,0.04514,0.04553,2583649
1776307500000,0.04553,0.04554,0.0452,0.04525,160580
1776308400000,0.04525,0.04543,0.04519,0.04522,67432
1776309300000,0.04522,0.04538,0.04522,0.04538,109592
1776310200000,0.04538,0.04556,0.04532,0.04546,413900
1776311100000,0.04546,0.04566,0.04543,0.04554,183555
1776312000000,0.04554,0.04574,0.04535,0.04568,45407
1776312900000,0.04568,0.04574,0.04557,0.04574,172196
1776313800000,0.04574,0.0462,0.0457,0.04613,108800
1776314700000,0.04613,0.04614,0.04588,0.04598,740964
1776315600000,0.04598,0.04607,0.04579,0.04579,58244
1776316500000,0.04579,0.04594,0.04579,0.04581,17352
1776317400000,0.04581,0.04581,0.0455,0.04555,152756
1776318300000,0.04555,0.0458,0.04555,0.04567,128470
1776319200000,0.04567,0.04571,0.04562,0.04568,49904
1776320100000,0.04568,0.04577,0.04561,0.04561,30920
1776321000000,0.04561,0.04572,0.04553,0.04563,168435
1776321900000,0.04563,0.04578,0.04561,0.04578,94969
1776322800000,0.04578,0.04588,0.04578,0.04583,15436
1776323700000,0.04583,0.04609,0.04572,0.04576,603351
1776324600000,0.04576,0.0461,0.04576,0.04602,1273106
1776325500000,0.04602,0.04602,0.04566,0.04575,314338
1776326400000,0.04575,0.04582,0.04552,0.04565,663146
1776327300000,0.04565,0.04608,0.04561,0.04564,508801
1776328200000,0.04564,0.04576,0.04563,0.04565,124383
1776329100000,0.04565,0.04572,0.04556,0.04566,57319
1776330000000,0.04566,0.04574,0.04564,0.04574,27723
1776330900000,0.04574,0.04587,0.04559,0.0456,232339
1776331800000,0.0456,0.04573,0.04555,0.04555,71818
1776332700000,0.04555,0.04569,0.04554,0.04562,154630
1776333600000,0.04562,0.04575,0.04545,0.0455,214778
1776334500000,0.0455,0.04565,0.0455,0.04564,162346
1776335400000,0.04564,0.04584,0.04564,0.04581,15668
1776336300000,0.04581,0.04581,0.04559,0.04567,218120
1776337200000,0.04567,0.04567,0.04552,0.0456,71621
1776338100000,0.0456,0.04578,0.0456,0.0457,44504
1776339000000,0.0457,0.04586,0.04556,0.04562,635283
1776339900000,0.04562,0.04581,0.04559,0.0458,213231
1776340800000,0.0458,0.0462,0.04576,0.04607,606135
1776341700000,0.04607,0.04625,0.04603,0.0461,1192505
1776342600000,0.0461,0.04622,0.04589,0.04622,513575
1776343500000,0.04622,0.04624,0.04569,0.04603,2619693
1776344400000,0.04603,0.04648,0.046,0.04646,175061
1776345300000,0.04646,0.04649,0.04622,0.04623,222425
1776346200000,0.04623,0.04624,0.04602,0.04617,192793
1776347100000,0.04617,0.04617,0.04518,0.04552,1653792
1776348000000,0.04552,0.04567,0.04535,0.04535,308243
1776348900000,0.04535,0.04539,0.04474,0.04502,926939
1776349800000,0.04502,0.04542,0.045,0.04522,93013
1776350700000,0.04522,0.04548,0.04522,0.0454,25048
1776351600000,0.0454,0.04574,0.04533,0.04573,143996
1776352500000,0.04573,0.04592,0.04553,0.04555,609086
1776353400000,0.04555,0.04619,0.04553,0.04617,574034
1776354300000,0.04617,0.04631,0.04602,0.04631,346041
1776355200000,0.04631,0.04665,0.04631,0.04633,343104
1776356100000,0.04633,0.04683,0.04633,0.0464,163665
1776357000000,0.0464,0.04652,0.04606,0.04639,558412
1776357900000,0.04639,0.04641,0.04604,0.04635,399393
1776358800000,0.04635,0.04661,0.04625,0.04654,552680
1776359700000,0.04654,0.04683,0.04643,0.04683,647678
1776360600000,0.04683,0.04687,0.04667,0.04685,79388
1776361500000,0.04685,0.04702,0.04672,0.04681,328402
1776362400000,0.04681,0.04713,0.04681,0.04709,495365
1776363300000,0.04709,0.0474,0.04704,0.04737,1023336
1776364200000,0.04737,0.04797,0.04726,0.04782,1128286
1776365100000,0.04782,0.04864,0.0478,0.04858,1418691
1776366000000,0.04858,0.04872,0.04836,0.04862,218178
1776366900000,0.04862,0.04924,0.04862,0.04922,1275570
1776367800000,0.04922,0.0493,0.04905,0.04927,197805
1776368700000,0.04927,0.0494,0.04899,0.04922,261830
1776369600000,0.04922,0.04988,0.04922,0.04988,697042
1776370500000,0.04988,0.05004,0.04933,0.04959,306691
1776371400000,0.04959,0.0496,0.04887,0.04903,882807
1776372300000,0.04903,0.04921,0.04898,0.04905,369877
1776373200000,0.04905,0.04921,0.04892,0.04916,320149
1776374100000,0.04916,0.04926,0.04834,0.04872,329101
1776375000000,0.04872,0.04887,0.04864,0.04884,503944
1776375900000,0.04884,0.04915,0.04876,0.04915,223210
1776376800000,0.04915,0.04965,0.04915,0.04938,362777
1776377700000,0.04938,0.04948,0.04905,0.04947,599670
1776378600000,0.04947,0.04952,0.04919,0.04919,159858
1776379500000,0.04919,0.04925,0.04901,0.04901,147832
1776380400000,0.04901,0.04901,0.04862,0.04862,341018
1776381300000,0.04862,0.04914,0.04856,0.04906,409163
1776382200000,0.04906,0.04942,0.04901,0.04901,140825
1776383100000,0.04901,0.04911,0.0489,0.04893,126537
1776384000000,0.04893,0.04897,0.04837,0.04846,266874
1776384900000,0.04846,0.04881,0.04841,0.04863,96562
1776385800000,0.04863,0.04883,0.0486,0.04873,54017
1776386700000,0.04873,0.04918,0.04873,0.04914,153153
1776387600000,0.04914,0.04925,0.049,0.04916,70908
1776388500000,0.04916,0.0492,0.04857,0.04863,848066
1776389400000,0.04863,0.04869,0.04813,0.04825,644691
1776390300000,0.04825,0.04827,0.04788,0.04803,80120
1776391200000,0.04803,0.04827,0.04802,0.04805,24451
1776392100000,0.04805,0.04808,0.04767,0.04767,138571
1776393000000,0.04767,0.0479,0.04761,0.04787,142507
1776393900000,0.04787,0.04791,0.04772,0.04774,26549
1776394800000,0.04774,0.04788,0.04757,0.04764,615352
1776395700000,0.04764,0.04768,0.04751,0.04751,48419
1776396600000,0.04751,0.04755,0.04718,0.04745,594445
1776397500000,0.04745,0.0478,0.04742,0.04773,176166
1776398400000,0.04773,0.04781,0.04754,0.04765,258267
1776399300000,0.04765,0.0477,0.04751,0.04754,21805
1776400200000,0.04754,0.04757,0.04734,0.04747,205267
1776401100000,0.04747,0.04755,0.04733,0.04733,115309
1776402000000,0.04733,0.04738,0.04683,0.04701,1037999
1776402900000,0.04701,0.04706,0.04698,0.04706,25689
1776403800000,0.04706,0.04706,0.0468,0.04682,60338
1776404700000,0.04682,0.04698,0.04671,0.0468,79119
1776405600000,0.0468,0.04694,0.04677,0.04681,195149
1776406500000,0.04681,0.04704,0.04681,0.047,30723
1776407400000,0.047,0.04717,0.04693,0.04714,132302
1776408300000,0.04714,0.0473,0.04713,0.04713,105996
1776409200000,0.04713,0.04732,0.04713,0.04719,29333
1776410100000,0.04719,0.04727,0.04711,0.04727,22883
1776411000000,0.04727,0.04741,0.04727,0.04729,52200
1776411900000,0.04729,0.04744,0.04723,0.04744,153589
1776412800000,0.04744,0.04749,0.04733,0.04738,83201
1776413700000,0.04738,0.04738,0.04719,0.04719,47572
1776414600000,0.04719,0.0475,0.04719,0.04745,67469
1776415500000,0.04745,0.04765,0.04736,0.04744,273624
1776416400000,0.04744,0.04744,0.04732,0.04744,22339
1776417300000,0.04744,0.04801,0.04744,0.04801,54366
1776418200000,0.04801,0.04801,0.04749,0.04774,412737
1776419100000,0.04774,0.04775,0.04757,0.04775,44939
1776420000000,0.04775,0.0479,0.04748,0.04748,359691
1776420900000,0.04748,0.04764,0.04726,0.04734,847735
1776421800000,0.04734,0.04739,0.04694,0.04701,632442
1776422700000,0.04701,0.04715,0.04695,0.0471,313933
1776423600000,0.0471,0.04747,0.0471,0.04745,66156
1776424500000,0.04745,0.04788,0.04739,0.04788,85735
1776425400000,0.04788,0.04798,0.04782,0.04788,124546
1776426300000,0.04788,0.04804,0.04788,0.04797,132660
1776427200000,0.04797,0.04805,0.04764,0.04805,222162
1776428100000,0.04805,0.04838,0.04805,0.04834,705830
1776429000000,0.04834,0.04851,0.0481,0.04826,737253
1776429900000,0.04826,0.04889,0.0482,0.04875,436519
1776430800000,0.04875,0.04947,0.04867,0.04934,565720
1776431700000,0.04934,0.04963,0.0492,0.04954,781133
1776432600000,0.04954,0.04954,0.049,0.0495,1094835
1776433500000,0.0495,0.04962,0.04934,0.04952,202963
1776434400000,0.04952,0.04955,0.04935,0.04945,112758
1776435300000,0.04945,0.04962,0.04933,0.04933,744900
1776436200000,0.04933,0.04955,0.04929,0.04929,155070
1776437100000,0.04929,0.04952,0.04929,0.04945,131893
1776438000000,0.04945,0.04945,0.04914,0.04926,286905
1776438900000,0.04926,0.04937,0.04898,0.049,78734
1776439800000,0.049,0.0491,0.04885,0.04885,306452
1776440700000,0.04885,0.04904,0.04884,0.04901,384091
1776441600000,0.04901,0.04918,0.04901,0.04901,14528
1776442500000,0.04901,0.04901,0.0489,0.04891,245184
1776443400000,0.04891,0.04959,0.04891,0.04956,299059
1776444300000,0.04956,0.04981,0.04956,0.04964,203102
1776445200000,0.04964,0.04965,0.04911,0.04916,551874
1776446100000,0.04916,0.04934,0.04896,0.04908,669356
1776447000000,0.04908,0.04929,0.04908,0.04916,44431
1776447900000,0.04916,0.04928,0.04872,0.04873,151012
1776448800000,0.04873,0.04873,0.04796,0.04801,1166785
1776449700000,0.04801,0.04824,0.04801,0.04821,59328
1776450600000,0.04821,0.04847,0.04821,0.04847,24119
1776451500000,0.04847,0.04855,0.04839,0.04852,151932
1776452400000,0.04852,0.0486,0.0485,0.04858,25440
1776453300000,0.04858,0.04888,0.04858,0.04879,25501
1776454200000,0.04879,0.04891,0.04879,0.0489,88772
1776455100000,0.0489,0.0489,0.04879,0.0488,165554
1776456000000,0.0488,0.04893,0.04869,0.04873,67244
1776456900000,0.04873,0.04874,0.04852,0.04852,46284
1776457800000,0.04852,0.04854,0.0482,0.04835,1012555
1776458700000,0.04835,0.04843,0.04835,0.04843,23539
1776459600000,0.04843,0.04863,0.04843,0.04847,109719
1776460500000,0.04847,0.04866,0.04838,0.04852,62728
1776461400000,0.04852,0.04852,0.0483,0.0483,17920
1776462300000,0.0483,0.0485,0.0483,0.04846,6284
1776463200000,0.04846,0.04846,0.04835,0.04835,29898
1776464100000,0.04835,0.0485,0.0483,0.04838,105363
1776465000000,0.04838,0.0485,0.04834,0.04836,149172
1776465900000,0.04836,0.04836,0.04829,0.04829,5886
1776466800000,0.04829,0.04829,0.0479,0.0479,494229
1776467700000,0.0479,0.0479,0.04748,0.04761,467265
1776468600000,0.04761,0.0477,0.0475,0.04754,51043
1776469500000,0.04754,0.04765,0.04749,0.04755,91082
1776470400000,0.04755,0.04771,0.0473,0.04743,163778
1776471300000,0.04743,0.04743,0.04738,0.04742,7382
1776472200000,0.04742,0.04748,0.0471,0.0471,218139
1776473100000,0.0471,0.04742,0.0471,0.04735,27830
1776474000000,0.04735,0.04775,0.04735,0.04775,27758
1776474900000,0.04775,0.04775,0.04761,0.04761,76523
1776475800000,0.04761,0.04761,0.04735,0.04741,121598
1776476700000,0.04741,0.0475,0.04727,0.04734,123812
1776477600000,0.04734,0.04736,0.04725,0.04732,82417
1776478500000,0.04732,0.04752,0.04732,0.04752,8664
1776479400000,0.04752,0.0477,0.04743,0.0477,220153
1776480300000,0.0477,0.0477,0.04754,0.04756,28864
1776481200000,0.04756,0.04756,0.04732,0.04739,191355
1776482100000,0.04739,0.04739,0.04727,0.0473,50710
1776483000000,0.0473,0.04736,0.04729,0.04736,40264
1776483900000,0.04736,0.04739,0.04695,0.04706,385393
1776484800000,0.04706,0.04729,0.04694,0.04728,201009
1776485700000,0.04728,0.04728,0.04706,0.04706,229562
1776486600000,0.04706,0.04712,0.04699,0.04701,114829
1776487500000,0.04701,0.04711,0.04699,0.04703,110842
1776488400000,0.04703,0.04728,0.04703,0.04728,11952
1776489300000,0.04728,0.04738,0.04724,0.04736,296382
1776490200000,0.04736,0.04738,0.0473,0.04732,170160
1776491100000,0.04732,0.04752,0.04732,0.04751,30284
1776492000000,0.04751,0.04751,0.04732,0.04741,337711
1776492900000,0.04741,0.04744,0.0473,0.04735,88061
1776493800000,0.04735,0.04767,0.04735,0.04767,137828
1776494700000,0.04767,0.0478,0.04764,0.04764,22079
1776495600000,0.04764,0.04795,0.04761,0.0479,128326
1776496500000,0.0479,0.04802,0.04786,0.04792,39857
1776497400000,0.04792,0.04816,0.04792,0.04804,186777
1776498300000,0.04804,0.04809,0.04791,0.04794,124674
1776499200000,0.04794,0.04796,0.0478,0.04784,258327
1776500100000,0.04784,0.04784,0.04737,0.04747,951620
1776501000000,0.04747,0.04754,0.04704,0.04718,515411
1776501900000,0.04718,0.04737,0.04718,0.04737,7508
1776502800000,0.04737,0.04738,0.04678,0.04696,458607
1776503700000,0.04696,0.04714,0.04681,0.04714,98846
1776504600000,0.04714,0.04744,0.04714,0.04722,26179
1776505500000,0.04722,0.04723,0.04711,0.04715,24320
1776506400000,0.04715,0.04715,0.04638,0.04665,736954
1776507300000,0.04665,0.04674,0.04659,0.04668,146585
1776508200000,0.04668,0.04671,0.04654,0.04654,87370
1776509100000,0.04654,0.04664,0.04635,0.04635,108046
1776510000000,0.04635,0.04641,0.0459,0.04596,511921
1776510900000,0.04596,0.04613,0.04592,0.04599,105358
1776511800000,0.04599,0.0461,0.04568,0.04575,173273
1776512700000,0.04575,0.04624,0.04572,0.04614,425992
1776513600000,0.04614,0.0463,0.04614,0.04618,242225
1776514500000,0.04618,0.04618,0.04601,0.04607,10521
1776515400000,0.04607,0.04607,0.04578,0.046,468834
1776516300000,0.046,0.04622,0.04597,0.04622,57776
1776517200000,0.04622,0.04686,0.04615,0.04639,3274200
1776518100000,0.04639,0.04652,0.04633,0.0464,148539
1776519000000,0.0464,0.0464,0.04611,0.04625,29015
1776519900000,0.04625,0.04683,0.04625,0.0468,220878
1776520800000,0.0468,0.04699,0.04672,0.04672,128892
1776521700000,0.04672,0.04676,0.04637,0.04646,67719
1776522600000,0.04646,0.04667,0.04646,0.04661,175627
1776523500000,0.04661,0.04661,0.0465,0.04653,124937
1776524400000,0.04653,0.04658,0.04639,0.0465,473500
1776525300000,0.0465,0.04661,0.04642,0.04642,28427
1776526200000,0.04642,0.04642,0.04616,0.04624,317762
1776527100000,0.04624,0.04637,0.04615,0.04637,466732
1776528000000,0.04637,0.04637,0.04609,0.04627,426718
1776528900000,0.04627,0.04652,0.04592,0.04643,1346324
1776529800000,0.04643,0.04643,0.04613,0.0462,289387
1776530700000,0.0462,0.04621,0.04606,0.04609,204855
1776531600000,0.04609,0.04617,0.04594,0.04605,87628
1776532500000,0.04605,0.04637,0.04605,0.04637,46695
1776533400000,0.04637,0.04646,0.04636,0.04638,9126
1776534300000,0.04638,0.04642,0.04627,0.04627,10973
1776535200000,0.04627,0.04637,0.04623,0.04625,28240
1776536100000,0.04625,0.04625,0.04606,0.04607,17224
1776537000000,0.04607,0.04607,0.04545,0.04563,2004049
1776537900000,0.04563,0.04582,0.04557,0.04557,456075
1776538800000,0.04557,0.04594,0.04557,0.0459,90897
1776539700000,0.0459,0.04592,0.04571,0.04581,167008
1776540600000,0.04581,0.04581,0.04566,0.04577,43980
1776541500000,0.04577,0.04581,0.04563,0.04575,192132
1776542400000,0.04575,0.04579,0.04549,0.04558,222729
1776543300000,0.04558,0.04565,0.04552,0.04557,813332
1776544200000,0.04557,0.04564,0.04536,0.04555,627444
1776545100000,0.04555,0.0457,0.04555,0.04559,287110
1776546000000,0.04559,0.04573,0.04551,0.04561,633768
1776546900000,0.04561,0.04569,0.04553,0.04569,33726
1776547800000,0.04569,0.04571,0.04566,0.04567,14799
1776548700000,0.04567,0.04574,0.04563,0.04572,19692
1776549600000,0.04572,0.04579,0.04554,0.04566,282198
1776550500000,0.04566,0.04583,0.04565,0.04583,42741
1776551400000,0.04583,0.04589,0.04575,0.04588,672417
1776552300000,0.04588,0.04613,0.04588,0.0461,40764
1776553200000,0.0461,0.04617,0.04605,0.04608,261110
1776554100000,0.04608,0.04608,0.04588,0.04588,135781
1776555000000,0.04588,0.04588,0.04572,0.04576,14270
1776555900000,0.04576,0.04576,0.04561,0.04561,13295
1776556800000,0.04561,0.04561,0.04529,0.04538,397467
1776557700000,0.04538,0.04544,0.0452,0.0452,219675
1776558600000,0.0452,0.04526,0.04496,0.04506,298166
1776559500000,0.04506,0.04543,0.04506,0.04543,9788
1776560400000,0.04543,0.04564,0.04533,0.04533,181031
1776561300000,0.04533,0.04534,0.04518,0.04518,22340
1776562200000,0.04518,0.04518,0.04509,0.04517,33946
1776563100000,0.04517,0.04533,0.04517,0.04532,31417
1776564000000,0.04532,0.04532,0.04509,0.0451,9734
1776564900000,0.0451,0.0451,0.04453,0.04457,456479
1776565800000,0.04457,0.04487,0.04452,0.04483,150133
1776566700000,0.04483,0.04489,0.04469,0.04489,287628
1776567600000,0.04489,0.04528,0.04474,0.04528,197656
1776568500000,0.04528,0.04535,0.0452,0.04524,60997
1776569400000,0.04524,0.04548,0.04515,0.04543,120647
1776570300000,0.04543,0.04544,0.04517,0.04517,125637
1776571200000,0.04517,0.04517,0.04482,0.04506,604980
1776572100000,0.04506,0.04507,0.04493,0.04498,70061
1776573000000,0.04498,0.04498,0.04461,0.04476,438431
1776573900000,0.04476,0.04494,0.04469,0.04494,27341
1776574800000,0.04494,0.04513,0.04491,0.04501,1152787
1776575700000,0.04501,0.04515,0.04496,0.04515,19914
1776576600000,0.04515,0.04532,0.04511,0.04511,120470
1776577500000,0.04511,0.04514,0.04501,0.04502,42882
1776578400000,0.04502,0.04502,0.04475,0.04477,558642
1776579300000,0.04477,0.04502,0.04469,0.04487,327015
1776580200000,0.04487,0.04496,0.04487,0.04492,58360
1776581100000,0.04492,0.0451,0.0449,0.04504,708668
1776582000000,0.04504,0.04511,0.04487,0.04494,124468
1776582900000,0.04494,0.04495,0.04469,0.04476,320458
1776583800000,0.04476,0.04508,0.04476,0.04493,671604
1776584700000,0.04493,0.04517,0.04488,0.04513,195205
1776585600000,0.04513,0.04517,0.04504,0.04508,191751
1776586500000,0.04508,0.0451,0.04507,0.04509,15392
1776587400000,0.04509,0.04518,0.04496,0.04517,47360
1776588300000,0.04517,0.04517,0.04503,0.04503,34210
1776589200000,0.04503,0.04505,0.04416,0.04453,2125226
1776590100000,0.04453,0.04456,0.0444,0.04444,60973
1776591000000,0.04444,0.04445,0.0443,0.0443,17198
1776591900000,0.0443,0.04447,0.04403,0.04408,965022
1776592800000,0.04408,0.04419,0.04408,0.04418,144157
1776593700000,0.04418,0.04423,0.04411,0.04418,130233
1776594600000,0.04418,0.0442,0.04416,0.04417,5256
1776595500000,0.04417,0.04428,0.04412,0.04419,41292
1776596400000,0.04419,0.04467,0.04419,0.04467,234843
1776597300000,0.04467,0.04474,0.04457,0.04467,114400
1776598200000,0.04467,0.04476,0.0446,0.0447,83320
1776599100000,0.0447,0.04476,0.04463,0.04466,53059
1776600000000,0.04466,0.0448,0.04463,0.04474,192519
1776600900000,0.04474,0.04491,0.04474,0.04487,63407
1776601800000,0.04487,0.04487,0.04474,0.04481,41395
1776602700000,0.04481,0.04506,0.04479,0.04497,278477
1776603600000,0.04497,0.04499,0.04488,0.04494,302966
1776604500000,0.04494,0.04536,0.04494,0.04527,1213187
1776605400000,0.04527,0.04534,0.04512,0.04519,83108
1776606300000,0.04519,0.04519,0.04498,0.04498,160099
1776607200000,0.04498,0.04502,0.04476,0.04485,76291
1776608100000,0.04485,0.0451,0.04481,0.04502,95714
1776609000000,0.04502,0.04518,0.04492,0.04518,51081
1776609900000,0.04518,0.04554,0.04518,0.04524,920562
1776610800000,0.04524,0.04527,0.04499,0.04499,47837
1776611700000,0.04499,0.04507,0.04482,0.04495,131232
1776612600000,0.04495,0.04495,0.04453,0.04486,439404
1776613500000,0.04486,0.0452,0.04474,0.0452,147954
1776614400000,0.0452,0.04529,0.04496,0.04498,516718
1776615300000,0.04498,0.04499,0.04473,0.04487,43982
1776616200000,0.04487,0.04487,0.04463,0.04468,25046
1776617100000,0.04468,0.04484,0.0445,0.04454,264966
1776618000000,0.04454,0.04455,0.04422,0.04444,388312
1776618900000,0.04444,0.04451,0.04432,0.04439,41111
1776619800000,0.04439,0.04447,0.04409,0.04429,74556
1776620700000,0.04429,0.04431,0.04395,0.04398,289510
1776621600000,0.04398,0.04407,0.04383,0.04397,73515
1776622500000,0.04397,0.04416,0.04397,0.04413,192412
1776623400000,0.04413,0.04416,0.04406,0.04406,16282
1776624300000,0.04406,0.04409,0.04402,0.04405,29780
1776625200000,0.04405,0.04426,0.04405,0.04425,6424
1776626100000,0.04425,0.04447,0.04425,0.0444,46182
1776627000000,0.0444,0.0445,0.0443,0.0443,49396
1776627900000,0.0443,0.04436,0.04418,0.04424,29404
1776628800000,0.04424,0.04424,0.04412,0.04413,35919
1776629700000,0.04413,0.04418,0.04407,0.04416,33559
1776630600000,0.04416,0.04433,0.04415,0.04415,30545
1776631500000,0.04415,0.04424,0.04411,0.04422,58756
1776632400000,0.04422,0.04428,0.04412,0.04424,12312
1776633300000,0.04424,0.04442,0.04418,0.04439,247749
1776634200000,0.04439,0.04461,0.04439,0.04461,2458
1776635100000,0.04461,0.04461,0.0443,0.0443,14372
1776636000000,0.0443,0.0443,0.04368,0.04368,483845
1776636900000,0.04368,0.04368,0.04328,0.04349,845411
1776637800000,0.04349,0.04377,0.04347,0.0437,510276
1776638700000,0.0437,0.0437,0.04352,0.04352,89766
1776639600000,0.04352,0.04352,0.04331,0.04344,45901
1776640500000,0.04344,0.04344,0.0433,0.04334,25598
1776641400000,0.04334,0.0434,0.0433,0.04334,37322
1776642300000,0.04334,0.0434,0.0433,0.04336,43927
1776643200000,0.04336,0.04347,0.04336,0.04346,125467
1776644100000,0.04346,0.04392,0.04346,0.04391,193423
1776645000000,0.04391,0.04397,0.0438,0.04383,40844
1776645900000,0.04383,0.0439,0.04381,0.0439,40433
1776646800000,0.0439,0.04403,0.04388,0.0439,37740
1776647700000,0.0439,0.0439,0.04377,0.04386,79618
1776648600000,0.04386,0.04419,0.04386,0.04408,249161
1776649500000,0.04408,0.0441,0.044,0.044,35093
1776650400000,0.044,0.04403,0.04381,0.04382,64049
1776651300000,0.04382,0.04416,0.04377,0.04416,184536
1776652200000,0.04416,0.04422,0.04409,0.04422,191796
1776653100000,0.04422,0.04454,0.04422,0.04446,219616
1776654000000,0.04446,0.04455,0.04429,0.04429,36959
1776654900000,0.04429,0.04429,0.04417,0.04426,76332
1776655800000,0.04426,0.04446,0.04426,0.04446,6137
1776656700000,0.04446,0.04446,0.04429,0.04439,332134
1776657600000,0.04439,0.04448,0.04439,0.04444,5477
1776658500000,0.04444,0.0445,0.04429,0.0445,108841
1776659400000,0.0445,0.04455,0.04442,0.0445,107619
1776660300000,0.0445,0.04469,0.0445,0.04459,48189
1776661200000,0.04459,0.04459,0.04409,0.04419,289719
1776662100000,0.04419,0.04419,0.04392,0.04395,100053
1776663000000,0.04395,0.04397,0.0438,0.04381,94840
1776663900000,0.04381,0.04386,0.04376,0.04386,3886
1776664800000,0.04386,0.04404,0.04382,0.04383,150678
1776665700000,0.04383,0.04404,0.04383,0.04404,16422
1776666600000,0.04404,0.04446,0.04404,0.04441,78165
1776667500000,0.04441,0.04443,0.04413,0.04418,37213
1776668400000,0.04418,0.04426,0.04418,0.0442,44533
1776669300000,0.0442,0.04482,0.04419,0.04467,377585
1776670200000,0.04467,0.04467,0.04439,0.04439,180805
1776671100000,0.04439,0.04452,0.0443,0.04445,114767
1776672000000,0.04445,0.04448,0.04431,0.04434,67213
1776672900000,0.04434,0.04447,0.04434,0.04443,2555
1776673800000,0.04443,0.04466,0.04443,0.04448,191608
1776674700000,0.04448,0.04462,0.04437,0.04447,268047
1776675600000,0.04447,0.04461,0.0444,0.04461,41088
1776676500000,0.04461,0.0448,0.04458,0.04469,148593
1776677400000,0.04469,0.04469,0.04459,0.04462,127391
1776678300000,0.04462,0.04463,0.04448,0.04449,57392
1776679200000,0.04449,0.0449,0.04449,0.0449,201514
1776680100000,0.0449,0.04495,0.04481,0.04487,89342
1776681000000,0.04487,0.04487,0.04468,0.04479,30863
1776681900000,0.04479,0.04486,0.04477,0.04477,5451
1776682800000,0.04477,0.04484,0.04474,0.04484,23650
1776683700000,0.04484,0.04499,0.04484,0.0449,130788
1776684600000,0.0449,0.04491,0.04471,0.04479,149643
1776685500000,0.04479,0.04486,0.04479,0.04483,57919
1776686400000,0.04483,0.04483,0.04461,0.04473,86289
1776687300000,0.04473,0.04488,0.04473,0.04482,35539
1776688200000,0.04482,0.04488,0.04468,0.04488,89623
1776689100000,0.04488,0.04496,0.04484,0.04488,72756
1776690000000,0.04488,0.04501,0.04477,0.04497,236684
1776690900000,0.04497,0.04497,0.04485,0.04489,173370
1776691800000,0.04489,0.04501,0.04474,0.04483,83360
1776692700000,0.04483,0.0451,0.04477,0.04507,23047
1776693600000,0.04507,0.04507,0.04479,0.0449,73270
1776694500000,0.0449,0.0454,0.0449,0.04524,256012
1776695400000,0.04524,0.04535,0.04513,0.04514,46055
1776696300000,0.04514,0.04527,0.0447,0.04491,1304811
1776697200000,0.04491,0.04493,0.04465,0.04479,172904
1776698100000,0.04479,0.0452,0.04478,0.04512,272677
1776699000000,0.04512,0.04512,0.04502,0.04509,82096
1776699900000,0.04509,0.04509,0.04498,0.04503,179282
1776700800000,0.04503,0.04503,0.04487,0.04487,51313
1776701700000,0.04487,0.04512,0.04481,0.04507,198569
1776702600000,0.04507,0.04532,0.04507,0.0453,47931
1776703500000,0.0453,0.04531,0.045,0.04501,116447
1776704400000,0.04501,0.0452,0.04487,0.0452,644162
1776705300000,0.0452,0.0452,0.04509,0.04509,65353
1776706200000,0.04509,0.04509,0.0449,0.04492,89297
1776707100000,0.04492,0.04505,0.04486,0.04504,172192
1776708000000,0.04504,0.04555,0.04504,0.04544,624403
1776708900000,0.04544,0.04558,0.04544,0.04547,54260
1776709800000,0.04547,0.04557,0.04531,0.04557,168617
1776710700000,0.04557,0.04559,0.0454,0.04545,61899
1776711600000,0.04545,0.04557,0.04538,0.04544,228725
1776712500000,0.04544,0.04555,0.04543,0.04545,97418
1776713400000,0.04545,0.04561,0.04545,0.04551,108568
1776714300000,0.04551,0.0456,0.04543,0.0456,31566
1776715200000,0.0456,0.0456,0.04545,0.04549,98379
1776716100000,0.04549,0.04571,0.04549,0.04559,478659
1776717000000,0.04559,0.04565,0.04553,0.04561,60836
1776717900000,0.04561,0.04582,0.0456,0.0458,120874
1776718800000,0.0458,0.04613,0.04571,0.04581,1176124
1776719700000,0.04581,0.04581,0.04564,0.04577,183646
1776720600000,0.04577,0.04583,0.04572,0.04572,4149
1776721500000,0.04572,0.04574,0.04571,0.04571,8791
1776722400000,0.04571,0.04577,0.04554,0.04556,60726
1776723300000,0.04556,0.04556,0.04534,0.04534,137782
1776724200000,0.04534,0.04547,0.04528,0.0453,79842
1776725100000,0.0453,0.0454,0.04529,0.04536,63616
1776726000000,0.04536,0.04536,0.04499,0.04499,248086
1776726900000,0.04499,0.04504,0.04488,0.04488,36580
1776727800000,0.04488,0.04492,0.04483,0.04487,30714
1776728700000,0.04487,0.045,0.04481,0.045,20055
1776729600000,0.045,0.04507,0.04486,0.04488,93981
1776730500000,0.04488,0.04499,0.04488,0.04495,15975
1776731400000,0.04495,0.04508,0.04495,0.04505,7931
1776732300000,0.04505,0.04521,0.04501,0.04519,59795
1776733200000,0.04519,0.04528,0.04515,0.04521,284883
1776734100000,0.04521,0.04527,0.04521,0.04524,18795
1776735000000,0.04524,0.04529,0.04512,0.04512,67064
1776735900000,0.04512,0.04512,0.04512,0.04512,1621
1776736800000,0.04512,0.04512,0.04481,0.04483,193913
1776737700000,0.04483,0.04484,0.04482,0.04482,22499
1776738600000,0.04482,0.04496,0.04474,0.04474,38402
1776739500000,0.04474,0.04479,0.04474,0.04474,13681
1776740400000,0.04474,0.04474,0.04454,0.04456,13352
1776741300000,0.04456,0.04466,0.04447,0.04465,45208
1776742200000,0.04465,0.04484,0.04465,0.04484,15132
1776743100000,0.04484,0.0451,0.04484,0.04495,261129
1776744000000,0.04495,0.04507,0.04495,0.04497,35768
1776744900000,0.04497,0.04497,0.0448,0.04488,25043
1776745800000,0.04488,0.04494,0.04483,0.04492,34334
1776746700000,0.04492,0.04502,0.04492,0.04502,6892
1776747600000,0.04502,0.04537,0.04502,0.04525,107302
1776748500000,0.04525,0.04526,0.04509,0.04509,25318
1776749400000,0.04509,0.04519,0.04509,0.04519,1917
1776750300000,0.04519,0.04527,0.04518,0.04518,8559
1776751200000,0.04518,0.04518,0.04505,0.04505,37283
1776752100000,0.04505,0.04505,0.04499,0.04499,43061
1776753000000,0.04499,0.04528,0.04495,0.04513,104096
1776753900000,0.04513,0.04513,0.04501,0.04512,53876
1776754800000,0.04512,0.04512,0.04489,0.0451,56199
1776755700000,0.0451,0.04521,0.045,0.04515,21798
1776756600000,0.04515,0.04519,0.04508,0.04519,26875
1776757500000,0.04519,0.0452,0.04509,0.04509,261096
1776758400000,0.04509,0.04512,0.04499,0.04502,16507
1776759300000,0.04502,0.04523,0.04502,0.04511,85655
1776760200000,0.04511,0.04514,0.04501,0.04514,32645
1776761100000,0.04514,0.0454,0.04514,0.04515,245305
1776762000000,0.04515,0.0452,0.0451,0.0452,25286
1776762900000,0.0452,0.04521,0.0452,0.04521,2584
1776763800000,0.04521,0.04535,0.04518,0.04535,36599
1776764700000,0.04535,0.04546,0.04535,0.04545,251547
1776765600000,0.04545,0.04545,0.04535,0.04541,52172
1776766500000,0.04541,0.04552,0.04541,0.04547,87664
1776767400000,0.04547,0.04554,0.04543,0.04546,128157
1776768300000,0.04546,0.04557,0.04546,0.0455,18093
1776769200000,0.0455,0.04555,0.04525,0.04525,538472
1776770100000,0.04525,0.04556,0.04525,0.04556,19349
1776771000000,0.04556,0.04576,0.04556,0.04558,35135
1776771900000,0.04558,0.04561,0.04545,0.04545,20055
1776772800000,0.04545,0.04545,0.04523,0.04528,43886
1776773700000,0.04528,0.04528,0.04517,0.04524,292004
1776774600000,0.04524,0.04524,0.04484,0.04484,129079
1776775500000,0.04484,0.04506,0.04484,0.045,21973
1776776400000,0.045,0.04509,0.04488,0.045,35663
1776777300000,0.045,0.04513,0.04494,0.04509,512873
1776778200000,0.04509,0.04514,0.0448,0.04496,460319
1776779100000,0.04496,0.04513,0.04496,0.04509,22940
1776780000000,0.04509,0.0451,0.04497,0.04497,32371
1776780900000,0.04497,0.04519,0.04497,0.04514,247634
1776781800000,0.04514,0.04544,0.04514,0.04537,31539
1776782700000,0.04537,0.04537,0.04497,0.04497,66958
1776783600000,0.04497,0.04508,0.04489,0.04508,31687
1776784500000,0.04508,0.04533,0.04506,0.0451,14916
1776785400000,0.0451,0.04519,0.04499,0.04519,11514
1776786300000,0.04519,0.04524,0.04516,0.04521,23789
1776787200000,0.04521,0.04536,0.04519,0.04527,36251
1776788100000,0.04527,0.04534,0.04515,0.04515,30862
1776789000000,0.04515,0.04527,0.04504,0.04508,52669
1776789900000,0.04508,0.04512,0.04495,0.04495,19524
1776790800000,0.04495,0.04495,0.04475,0.04475,54770
1776791700000,0.04475,0.04475,0.04439,0.04442,409608
1776792600000,0.04442,0.04495,0.0444,0.04489,216227
1776793500000,0.04489,0.04489,0.04471,0.04471,16390
1776794400000,0.04471,0.04476,0.04464,0.04464,6206
1776795300000,0.04464,0.04474,0.04446,0.04446,319138
1776796200000,0.04446,0.04456,0.04446,0.04456,15731
1776797100000,0.04456,0.04466,0.04433,0.04466,91626
1776798000000,0.04466,0.0448,0.04464,0.04464,137740
1776798900000,0.04464,0.04489,0.04464,0.04483,7411
1776799800000,0.04483,0.04483,0.04421,0.04421,83523
1776800700000,0.04421,0.04432,0.04412,0.04432,100800
1776801600000,0.04432,0.04494,0.04432,0.0449,812377
1776802500000,0.0449,0.04508,0.04489,0.04503,72588
1776803400000,0.04503,0.04503,0.0449,0.04494,14025
1776804300000,0.04494,0.04494,0.04489,0.04489,13330
1776805200000,0.04489,0.04489,0.0447,0.04474,183622
1776806100000,0.04474,0.04491,0.04472,0.04484,28464
1776807000000,0.04484,0.04484,0.04477,0.04477,1424
1776807900000,0.04477,0.04477,0.04477,0.04477,0
1776808800000,0.04477,0.04484,0.04477,0.04484,1403
1776809700000,0.04484,0.04484,0.04464,0.04465,11750
1776810600000,0.04465,0.04467,0.0445,0.04461,86877
1776811500000,0.04461,0.04471,0.04461,0.04471,18595
1776812400000,0.04471,0.04495,0.04471,0.04488,92529
1776813300000,0.04488,0.04497,0.04488,0.04496,23074
1776814200000,0.04496,0.04531,0.04496,0.04527,701034
1776815100000,0.04527,0.04541,0.04527,0.0454,33648
1776816000000,0.0454,0.04551,0.04536,0.04546,129908
1776816900000,0.04546,0.04557,0.04545,0.04551,30872
1776817800000,0.04551,0.04584,0.04548,0.04582,196987
1776818700000,0.04582,0.04595,0.04572,0.04582,366958
1776819600000,0.04582,0.04602,0.04578,0.04602,145466
1776820500000,0.04602,0.04602,0.04563,0.04565,651831
1776821400000,0.04565,0.04585,0.04563,0.04564,120608
1776822300000,0.04564,0.04569,0.04559,0.04563,40051
1776823200000,0.04563,0.04614,0.04553,0.04605,312540
1776824100000,0.04605,0.04651,0.04605,0.0465,221357
1776825000000,0.0465,0.04673,0.04617,0.04669,460272
1776825900000,0.04669,0.04681,0.04648,0.04681,159457
1776826800000,0.04681,0.04695,0.04669,0.04693,65440
1776827700000,0.04693,0.04693,0.04672,0.04673,71438
1776828600000,0.04673,0.04673,0.04652,0.04671,147833
1776829500000,0.04671,0.04689,0.04671,0.04687,26691
1776830400000,0.04687,0.04694,0.04682,0.04683,32030
1776831300000,0.04683,0.04748,0.04683,0.04744,2217278
1776832200000,0.04744,0.04802,0.04741,0.04779,341307
1776833100000,0.04779,0.04787,0.04759,0.04787,297091
1776834000000,0.04787,0.048,0.04775,0.04794,164060
1776834900000,0.04794,0.0485,0.04791,0.0485,961657
1776835800000,0.0485,0.04871,0.04792,0.04792,375624
1776836700000,0.04792,0.04794,0.04775,0.04784,201880
1776837600000,0.04784,0.04784,0.04765,0.04767,396019
1776838500000,0.04767,0.0479,0.04765,0.04768,109093
1776839400000,0.04768,0.04782,0.04758,0.04775,97285
1776840300000,0.04775,0.04785,0.04768,0.04785,106270
1776841200000,0.04785,0.04802,0.04785,0.048,43514
1776842100000,0.048,0.048,0.04788,0.04788,116243
1776843000000,0.04788,0.04791,0.04728,0.04761,1206606
1776843900000,0.04761,0.04778,0.04761,0.0477,61967
1776844800000,0.0477,0.04791,0.0477,0.04789,15051
1776845700000,0.04789,0.04801,0.04781,0.04801,31148
1776846600000,0.04801,0.04803,0.04783,0.04794,55314
1776847500000,0.04794,0.04815,0.04794,0.048,146674
1776848400000,0.048,0.04817,0.04783,0.04817,43810
1776849300000,0.04817,0.04817,0.04785,0.04785,119169
1776850200000,0.04785,0.04785,0.0477,0.04776,135556
1776851100000,0.04776,0.04777,0.04748,0.04749,45287
1776852000000,0.04749,0.0475,0.04739,0.04744,41806
1776852900000,0.04744,0.04755,0.04744,0.04755,147286
1776853800000,0.04755,0.04773,0.04754,0.04773,77467
1776854700000,0.04773,0.04789,0.04773,0.04785,35585
1776855600000,0.04785,0.04797,0.04785,0.04792,38337
1776856500000,0.04792,0.0481,0.04781,0.04781,104033
1776857400000,0.04781,0.04795,0.04769,0.04769,79726
1776858300000,0.04769,0.04781,0.04769,0.0478,36193
1776859200000,0.0478,0.04787,0.04773,0.04773,126104
1776860100000,0.04773,0.04773,0.04747,0.04758,231525
1776861000000,0.04758,0.04758,0.04745,0.04747,30840
1776861900000,0.04747,0.04754,0.04747,0.04749,27373
1776862800000,0.04749,0.04765,0.04731,0.0476,111558
1776863700000,0.0476,0.04966,0.0476,0.04852,12714598
1776864600000,0.04852,0.04901,0.04817,0.0482,1194219
1776865500000,0.0482,0.0482,0.04767,0.04788,870717
1776866400000,0.04788,0.04803,0.0478,0.04791,456210
1776867300000,0.04791,0.04841,0.04791,0.04804,496857
1776868200000,0.04804,0.04819,0.04777,0.04799,218149
1776869100000,0.04799,0.04823,0.04796,0.04804,537921
1776870000000,0.04804,0.04824,0.04794,0.04819,407968
1776870900000,0.04819,0.04858,0.04801,0.04858,90216
1776871800000,0.04858,0.04858,0.04819,0.04832,462893
1776872700000,0.04832,0.04843,0.04816,0.04816,111215
1776873600000,0.04816,0.04826,0.04804,0.04809,160488
1776874500000,0.04809,0.0484,0.04807,0.04811,235877
1776875400000,0.04811,0.04824,0.04799,0.04812,492068
1776876300000,0.04812,0.04824,0.04805,0.04824,57343
1776877200000,0.04824,0.04864,0.04824,0.04824,289430
1776878100000,0.04824,0.04828,0.04812,0.04812,119556
1776879000000,0.04812,0.04823,0.04802,0.04818,70437
1776879900000,0.04818,0.04858,0.04818,0.04854,110358
1776880800000,0.04854,0.04893,0.04854,0.04882,335627
1776881700000,0.04882,0.04895,0.04867,0.04867,564103
1776882600000,0.04867,0.04873,0.04857,0.04859,183609
1776883500000,0.04859,0.04859,0.0483,0.04831,599073
1776884400000,0.04831,0.04831,0.04809,0.04811,33507
1776885300000,0.04811,0.0482,0.04803,0.04803,45359
1776886200000,0.04803,0.04803,0.04741,0.04762,261575
1776887100000,0.04762,0.04771,0.04762,0.04768,11125
1776888000000,0.04768,0.04772,0.04745,0.04751,114611
1776888900000,0.04751,0.04751,0.04737,0.0475,15687
1776889800000,0.0475,0.04759,0.04742,0.04743,81373
1776890700000,0.04743,0.04743,0.04721,0.04722,90248
1776891600000,0.04722,0.04748,0.04722,0.04746,29689
1776892500000,0.04746,0.04764,0.04746,0.04764,4576
1776893400000,0.04764,0.04777,0.04764,0.04773,4085
1776894300000,0.04773,0.04783,0.04769,0.0478,69569
1776895200000,0.0478,0.0478,0.04746,0.04753,283008
1776896100000,0.04753,0.04753,0.04725,0.04725,66127
1776897000000,0.04725,0.04727,0.04707,0.0471,304650
1776897900000,0.0471,0.0471,0.04686,0.04689,285400
1776898800000,0.04689,0.04691,0.04668,0.04683,107813
1776899700000,0.04683,0.04686,0.04668,0.0468,190852
1776900600000,0.0468,0.0468,0.04645,0.04647,464615
1776901500000,0.04647,0.0467,0.04647,0.0466,152138
1776902400000,0.0466,0.04661,0.04606,0.04606,151905
1776903300000,0.04606,0.04661,0.04578,0.04643,640902
1776904200000,0.04643,0.04659,0.04638,0.04644,316250
1776905100000,0.04644,0.04664,0.04644,0.04647,92726
1776906000000,0.04647,0.04651,0.04635,0.04635,243989
1776906900000,0.04635,0.04635,0.04607,0.04607,51570
1776907800000,0.04607,0.04632,0.04605,0.04628,45763
1776908700000,0.04628,0.04636,0.04627,0.04629,39993
1776909600000,0.04629,0.04632,0.0461,0.0461,68898
1776910500000,0.0461,0.04612,0.04584,0.04593,249391
1776911400000,0.04593,0.04593,0.0457,0.04583,118458
1776912300000,0.04583,0.04605,0.04583,0.046,24336
1776913200000,0.046,0.0461,0.04593,0.04593,40950
1776914100000,0.04593,0.046,0.04583,0.04593,504167
1776915000000,0.04593,0.04593,0.04572,0.04572,54761
1776915900000,0.04572,0.0459,0.04572,0.04588,68704
1776916800000,0.04588,0.04602,0.04583,0.04602,74673
1776917700000,0.04602,0.04602,0.0459,0.04598,28352
1776918600000,0.04598,0.04615,0.04598,0.04609,17739
1776919500000,0.04609,0.04612,0.04603,0.04605,26728
1776920400000,0.04605,0.04622,0.04605,0.04613,47645
1776921300000,0.04613,0.04623,0.04606,0.04609,105087
1776922200000,0.04609,0.04615,0.04603,0.04609,17938
1776923100000,0.04609,0.04627,0.04609,0.04624,79403
1776924000000,0.04624,0.04636,0.04618,0.04633,142800
1776924900000,0.04633,0.04644,0.04633,0.04642,14446
1776925800000,0.04642,0.04651,0.04633,0.04633,87300
1776926700000,0.04633,0.04645,0.04633,0.04644,12987
1776927600000,0.04644,0.04651,0.0463,0.04635,26329
1776928500000,0.04635,0.04635,0.0462,0.04633,38807
1776929400000,0.04633,0.04633,0.04622,0.04628,8665
1776930300000,0.04628,0.04632,0.04619,0.04632,400532
1776931200000,0.04632,0.04644,0.04629,0.04636,27656
1776932100000,0.04636,0.04666,0.04635,0.0464,59351
1776933000000,0.0464,0.0465,0.04635,0.0465,12841
1776933900000,0.0465,0.04651,0.04639,0.04645,33095
1776934800000,0.04645,0.04657,0.04607,0.04607,271091
1776935700000,0.04607,0.04637,0.04607,0.0463,64913
1776936600000,0.0463,0.0463,0.04624,0.04629,10144
1776937500000,0.04629,0.04629,0.04603,0.04622,56529
1776938400000,0.04622,0.04627,0.04591,0.04594,449952
1776939300000,0.04594,0.04598,0.04586,0.04598,9849
1776940200000,0.04598,0.04601,0.04594,0.04596,33713
1776941100000,0.04596,0.04601,0.0459,0.046,13632
1776942000000,0.046,0.04626,0.046,0.04624,11553
1776942900000,0.04624,0.04662,0.0462,0.04626,2149201
1776943800000,0.04626,0.04632,0.04623,0.04631,50405
1776944700000,0.04631,0.0465,0.0463,0.04644,18801
1776945600000,0.04644,0.0467,0.04637,0.0467,17933
1776946500000,0.0467,0.04678,0.0466,0.04672,67105
1776947400000,0.04672,0.04702,0.04672,0.04695,46104
1776948300000,0.04695,0.04714,0.0467,0.04714,387134
1776949200000,0.04714,0.04727,0.04702,0.04715,490461
1776950100000,0.04715,0.04734,0.04689,0.04726,696878
1776951000000,0.04726,0.04739,0.04704,0.04739,287286
1776951900000,0.04739,0.04739,0.04717,0.04718,6952
1776952800000,0.04718,0.0473,0.04701,0.04722,15926
1776953700000,0.04722,0.04777,0.04722,0.0476,420239
1776954600000,0.0476,0.04788,0.0476,0.04777,50204
1776955500000,0.04777,0.0481,0.04777,0.04806,10029
1776956400000,0.04806,0.0482,0.0479,0.04796,561348
1776957300000,0.04796,0.04856,0.04789,0.04829,243926
1776958200000,0.04829,0.04884,0.04823,0.04877,255037
1776959100000,0.04877,0.04889,0.04845,0.04873,479711
1776960000000,0.04873,0.04921,0.04873,0.04921,203836
1776960900000,0.04921,0.04945,0.04903,0.04944,131296
1776961800000,0.04944,0.04972,0.04938,0.04962,632302
1776962700000,0.04962,0.0497,0.04879,0.04907,275850
1776963600000,0.04907,0.04927,0.04862,0.04869,557472
1776964500000,0.04869,0.04869,0.04827,0.04829,432977
1776965400000,0.04829,0.04829,0.04766,0.04785,135188
1776966300000,0.04785,0.04865,0.04765,0.0485,244940
1776967200000,0.0485,0.04861,0.04825,0.04828,45196
1776968100000,0.04828,0.04828,0.04786,0.04786,114582
1776969000000,0.04786,0.04861,0.04786,0.04861,79241
1776969900000,0.04861,0.04881,0.04848,0.04853,443192
1776970800000,0.04853,0.04866,0.04843,0.04859,57102
1776971700000,0.04859,0.0492,0.04859,0.0492,33101
1776972600000,0.0492,0.0492,0.04885,0.0489,71934
1776973500000,0.0489,0.04918,0.04871,0.04895,935189
1776974400000,0.04895,0.04963,0.04895,0.04945,245200
1776975300000,0.04945,0.04966,0.04941,0.04949,112023
1776976200000,0.04949,0.05053,0.04949,0.05048,358239
1776977100000,0.05048,0.05067,0.0503,0.0506,156561
1776978000000,0.0506,0.05105,0.05049,0.05084,998676
1776978900000,0.05084,0.0518,0.05084,0.05158,1078180
1776979800000,0.05158,0.05275,0.05158,0.05222,793679
1776980700000,0.05222,0.05285,0.05202,0.05269,115547
1776981600000,0.05269,0.05315,0.05229,0.05274,449319
1776982500000,0.05274,0.05304,0.05227,0.05249,1439912
1776983400000,0.05249,0.05249,0.05151,0.05166,1059332
1776984300000,0.05166,0.05202,0.05144,0.05163,260982
1776985200000,0.05163,0.05175,0.05121,0.05151,218032
1776986100000,0.05151,0.05225,0.05129,0.05149,322544
1776987000000,0.05149,0.05153,0.05126,0.05136,363406
1776987900000,0.05136,0.05186,0.05123,0.05179,311313
1776988800000,0.05179,0.05318,0.05179,0.05317,1800287
1776989700000,0.05317,0.05436,0.05308,0.05436,1358007
1776990600000,0.05436,0.05458,0.05287,0.05303,2027209
1776991500000,0.05303,0.0536,0.05269,0.05348,543047
1776992400000,0.05348,0.05348,0.05182,0.05213,1656577
1776993300000,0.05213,0.05255,0.05194,0.05236,1065623
1776994200000,0.05236,0.05248,0.05202,0.05222,525723
1776995100000,0.05222,0.05267,0.05219,0.05228,391288
1776996000000,0.05228,0.05228,0.05169,0.05201,265733
1776996900000,0.05201,0.05204,0.05134,0.05134,379630
1776997800000,0.05134,0.05163,0.05134,0.05136,258363
1776998700000,0.05136,0.05172,0.05132,0.05145,439018
1776999600000,0.05145,0.05145,0.0509,0.05104,635992
1777000500000,0.05104,0.05127,0.05078,0.05095,296675
1777001400000,0.05095,0.05097,0.05064,0.05079,444244
1777002300000,0.05079,0.05098,0.05076,0.05086,342239
1777003200000,0.05086,0.05098,0.0508,0.05098,252649
1777004100000,0.05098,0.05109,0.0508,0.05087,318716
1777005000000,0.05087,0.05114,0.05083,0.05111,280835
1777005900000,0.05111,0.05127,0.05091,0.05091,179284
1777006800000,0.05091,0.05103,0.05072,0.05078,550118
1777007700000,0.05078,0.05125,0.05078,0.05125,150621
1777008600000,0.05125,0.05158,0.05101,0.05112,338983
1777009500000,0.05112,0.05178,0.05109,0.05172,645353
1777010400000,0.05172,0.05172,0.05121,0.05128,168659
1777011300000,0.05128,0.05147,0.05109,0.05141,433822
1777012200000,0.05141,0.05149,0.05116,0.05117,106054
1777013100000,0.05117,0.05142,0.05109,0.05125,241456
1777014000000,0.05125,0.05133,0.05114,0.05124,155187
1777014900000,0.05124,0.05137,0.05106,0.05125,117436
1777015800000,0.05125,0.05125,0.05074,0.05084,1146382
1777016700000,0.05084,0.05112,0.0508,0.05111,198036
1777017600000,0.05111,0.05111,0.05081,0.05095,510756
1777018500000,0.05095,0.05128,0.05095,0.05121,229793
1777019400000,0.05121,0.05138,0.05109,0.05109,538248
1777020300000,0.05109,0.05123,0.05072,0.05094,355339
1777021200000,0.05094,0.05102,0.05076,0.051,414858
1777022100000,0.051,0.0511,0.05038,0.05066,527504
1777023000000,0.05066,0.05115,0.05066,0.05115,87684
1777023900000,0.05115,0.05116,0.05102,0.05105,85804
1777024800000,0.05105,0.05129,0.051,0.05129,434840
1777025700000,0.05129,0.05133,0.05098,0.05124,87014
1777026600000,0.05124,0.05145,0.05118,0.05142,101322
1777027500000,0.05142,0.05147,0.05135,0.05143,57639
1777028400000,0.05143,0.052,0.05143,0.05192,702218
1777029300000,0.05192,0.05251,0.05171,0.0525,864331
1777030200000,0.0525,0.05264,0.05219,0.05257,342293
1777031100000,0.05257,0.053,0.05255,0.05256,838297
1777032000000,0.05256,0.05256,0.05214,0.05239,644893
1777032900000,0.05239,0.05263,0.05212,0.05261,137430
1777033800000,0.05261,0.05281,0.05213,0.05215,271807
1777034700000,0.05215,0.05215,0.05168,0.05194,363368
1777035600000,0.05194,0.05217,0.05188,0.05188,130348
1777036500000,0.05188,0.05188,0.05163,0.05172,258922
1777037400000,0.05172,0.05191,0.05155,0.0517,228802
1777038300000,0.0517,0.05172,0.05131,0.05135,405245
1777039200000,0.05135,0.05135,0.05091,0.05098,244533
1777040100000,0.05098,0.05132,0.05098,0.05108,646520
1777041000000,0.05108,0.05131,0.05104,0.05127,369533
1777041900000,0.05127,0.05131,0.0511,0.0512,103968
1777042800000,0.0512,0.05124,0.05083,0.05103,129769
1777043700000,0.05103,0.05121,0.05095,0.05121,29618
1777044600000,0.05121,0.05141,0.05109,0.05131,715312
1777045500000,0.05131,0.05165,0.05128,0.05162,162593
1777046400000,0.05162,0.05172,0.05125,0.05129,25774
1777047300000,0.05129,0.05144,0.0512,0.05124,178739
1777048200000,0.05124,0.05158,0.05121,0.05136,576042
1777049100000,0.05136,0.05137,0.05107,0.05117,210049
1777050000000,0.05117,0.05126,0.05112,0.05112,127821
1777050900000,0.05112,0.05132,0.0511,0.05127,104143
1777051800000,0.05127,0.05127,0.05104,0.05111,97081
1777052700000,0.05111,0.05115,0.05092,0.05096,129020
1777053600000,0.05096,0.05099,0.05072,0.05075,68425
1777054500000,0.05075,0.05102,0.05063,0.0509,231589
1777055400000,0.0509,0.05125,0.05086,0.05125,153827
1777056300000,0.05125,0.0513,0.05115,0.05115,41828
1777057200000,0.05115,0.0514,0.05115,0.05123,72635
1777058100000,0.05123,0.05132,0.05121,0.05128,110484
1777059000000,0.05128,0.05141,0.05122,0.05133,16195
1777059900000,0.05133,0.05139,0.0512,0.05139,19871
1777060800000,0.05139,0.05139,0.05101,0.05105,120660
1777061700000,0.05105,0.05111,0.05069,0.05078,129494
1777062600000,0.05078,0.05105,0.05078,0.05101,104102
1777063500000,0.05101,0.05116,0.051,0.05112,84580
1777064400000,0.05112,0.05163,0.05103,0.05107,563337
1777065300000,0.05107,0.05118,0.05105,0.05105,43819
1777066200000,0.05105,0.05105,0.05085,0.05098,43509
1777067100000,0.05098,0.05114,0.05091,0.05113,38420
1777068000000,0.05113,0.05116,0.05103,0.05104,53597
1777068900000,0.05104,0.05115,0.051,0.05102,11320
1777069800000,0.05102,0.05104,0.05064,0.05067,39803
1777070700000,0.05067,0.05067,0.05054,0.05057,22150
1777071600000,0.05057,0.05062,0.05046,0.0505,49396
1777072500000,0.0505,0.05067,0.05047,0.05064,7564
1777073400000,0.05064,0.05065,0.05045,0.05051,15961
1777074300000,0.05051,0.05062,0.05045,0.05056,21152
1777075200000,0.05056,0.05056,0.05008,0.05009,422137
1777076100000,0.05009,0.05014,0.04974,0.05007,875268
1777077000000,0.05007,0.05007,0.0499,0.05002,252378
1777077900000,0.05002,0.05021,0.04998,0.05021,38873
1777078800000,0.05021,0.05044,0.05021,0.05043,108911
1777079700000,0.05043,0.05046,0.05032,0.05033,31581
1777080600000,0.05033,0.0506,0.05033,0.05058,98309
1777081500000,0.05058,0.05065,0.05054,0.05056,249381
1777082400000,0.05056,0.05057,0.0502,0.05034,213370
1777083300000,0.05034,0.05042,0.05033,0.05041,9293
1777084200000,0.05041,0.05049,0.05028,0.05028,28995
1777085100000,0.05028,0.05035,0.05021,0.05021,16635
1777086000000,0.05021,0.05024,0.0501,0.05016,31075
1777086900000,0.05016,0.05022,0.05014,0.05016,26148
1777087800000,0.05016,0.05023,0.05,0.05023,220484
1777088700000,0.05023,0.05039,0.05021,0.05028,260459
1777089600000,0.05028,0.05042,0.05027,0.05042,46395
1777090500000,0.05042,0.05047,0.05033,0.05033,71711
1777091400000,0.05033,0.05037,0.05022,0.05024,23391
1777092300000,0.05024,0.05024,0.05006,0.05011,50191
1777093200000,0.05011,0.05011,0.04978,0.04988,155434
1777094100000,0.04988,0.05007,0.04988,0.05004,5721
1777095000000,0.05004,0.05035,0.05004,0.05035,32498
1777095900000,0.05035,0.05035,0.05009,0.0501,2055
1777096800000,0.0501,0.05029,0.0501,0.05028,34869
1777097700000,0.05028,0.05028,0.05008,0.05011,1587
1777098600000,0.05011,0.05016,0.04987,0.04991,52603
1777099500000,0.04991,0.04993,0.04975,0.04976,164220
1777100400000,0.04976,0.04976,0.0493,0.04939,732045
1777101300000,0.04939,0.04943,0.0493,0.0494,236798
1777102200000,0.0494,0.0496,0.0494,0.04952,45582
1777103100000,0.04952,0.04971,0.04948,0.04967,109908
1777104000000,0.04967,0.04967,0.04943,0.04958,179099
1777104900000,0.04958,0.04982,0.04958,0.04968,60155
1777105800000,0.04968,0.04978,0.04967,0.04978,118951
1777106700000,0.04978,0.04978,0.04964,0.04965,520986
1777107600000,0.04965,0.04976,0.04959,0.04972,92815
1777108500000,0.04972,0.04987,0.04972,0.04978,6254
1777109400000,0.04978,0.04993,0.04978,0.04993,31216
1777110300000,0.04993,0.04993,0.0498,0.0498,85403
1777111200000,0.0498,0.04981,0.04975,0.0498,8725
1777112100000,0.0498,0.04984,0.04975,0.0498,35036
1777113000000,0.0498,0.04985,0.04973,0.04974,63918
1777113900000,0.04974,0.04977,0.04951,0.04951,450089
1777114800000,0.04951,0.0496,0.04942,0.04947,161362
1777115700000,0.04947,0.04954,0.04924,0.04929,88019
1777116600000,0.04929,0.04934,0.04907,0.04916,153124
1777117500000,0.04916,0.04933,0.04911,0.04933,112864
1777118400000,0.04933,0.04952,0.04921,0.04944,79671
1777119300000,0.04944,0.04947,0.04931,0.04931,52441
1777120200000,0.04931,0.04932,0.04913,0.04913,54351
1777121100000,0.04913,0.04928,0.04913,0.04928,73227
1777122000000,0.04928,0.04938,0.04904,0.04937,266936
1777122900000,0.04937,0.04947,0.04932,0.04932,30029
1777123800000,0.04932,0.04936,0.04927,0.04936,66206
1777124700000,0.04936,0.04936,0.04907,0.0491,287449
1777125600000,0.0491,0.0491,0.0488,0.0488,346494
1777126500000,0.0488,0.04893,0.0488,0.04889,36904
1777127400000,0.04889,0.04918,0.04889,0.04913,25774
1777128300000,0.04913,0.04913,0.0489,0.0489,99161
1777129200000,0.0489,0.0489,0.04877,0.04885,59035
1777130100000,0.04885,0.04885,0.04885,0.04885,0
1777131000000,0.04885,0.04901,0.04885,0.0489,296959
1777131900000,0.0489,0.0489,0.0486,0.0487,109709
1777132800000,0.0487,0.04877,0.04863,0.0487,38064
1777133700000,0.0487,0.0487,0.04852,0.04853,20579
1777134600000,0.04853,0.04854,0.04828,0.04838,463893
1777135500000,0.04838,0.0484,0.04834,0.04838,12065
1777136400000,0.04838,0.04838,0.04817,0.04829,83327
1777137300000,0.04829,0.04837,0.04797,0.04802,244325
1777138200000,0.04802,0.04803,0.04792,0.04799,28628
1777139100000,0.04799,0.04812,0.04799,0.04808,5976
1777140000000,0.04808,0.04834,0.04808,0.04833,100254
1777140900000,0.04833,0.0484,0.04826,0.0484,21901
1777141800000,0.0484,0.04853,0.0484,0.0485,89807
1777142700000,0.0485,0.04858,0.04827,0.0483,67841
1777143600000,0.0483,0.04836,0.0483,0.04835,33928
1777144500000,0.04835,0.04842,0.04824,0.04827,8312
1777145400000,0.04827,0.04827,0.04807,0.04816,19759
1777146300000,0.04816,0.04827,0.04816,0.04819,113082
1777147200000,0.04819,0.0484,0.04819,0.0483,104087
1777148100000,0.0483,0.04842,0.0483,0.0483,8472
1777149000000,0.0483,0.04851,0.0483,0.04841,50398
1777149900000,0.04841,0.04856,0.0484,0.04856,2082
1777150800000,0.04856,0.04856,0.04848,0.04853,178260
1777151700000,0.04853,0.0486,0.04848,0.0486,32566
1777152600000,0.0486,0.0486,0.04853,0.04853,9414
1777153500000,0.04853,0.04854,0.04853,0.04854,2659
1777154400000,0.04854,0.04873,0.04854,0.04861,21456
1777155300000,0.04861,0.04861,0.04848,0.04848,16834
1777156200000,0.04848,0.04862,0.04848,0.04859,3585
1777157100000,0.04859,0.04867,0.04857,0.04857,102476
1777158000000,0.04857,0.04871,0.04855,0.0487,2382
1777158900000,0.0487,0.04883,0.0487,0.04881,159688
1777159800000,0.04881,0.04907,0.04874,0.04903,69915
1777160700000,0.04903,0.04904,0.04889,0.04898,85533
1777161600000,0.04898,0.04898,0.04876,0.04893,80189
1777162500000,0.04893,0.04893,0.04872,0.04872,7512
1777163400000,0.04872,0.04913,0.04872,0.04909,845608
1777164300000,0.04909,0.0494,0.04909,0.0494,495168
1777165200000,0.0494,0.04954,0.04925,0.04925,216149
1777166100000,0.04925,0.04944,0.04925,0.04931,66921
1777167000000,0.04931,0.04961,0.04918,0.0495,303213
1777167900000,0.0495,0.04956,0.04916,0.04917,329934
1777168800000,0.04917,0.04979,0.04917,0.04977,142025
1777169700000,0.04977,0.04977,0.0495,0.04967,58797
1777170600000,0.04967,0.0498,0.04961,0.0497,124848
1777171500000,0.0497,0.0497,0.04956,0.0497,46299
1777172400000,0.0497,0.04976,0.04959,0.04959,15780
1777173300000,0.04959,0.05001,0.04959,0.04968,553830
1777174200000,0.04968,0.04968,0.04933,0.04957,529466
1777175100000,0.04957,0.04979,0.04951,0.04979,48618
1777176000000,0.04979,0.04994,0.04967,0.04994,84807
1777176900000,0.04994,0.05005,0.04982,0.04996,299231
1777177800000,0.04996,0.05001,0.04974,0.04997,150647
1777178700000,0.04997,0.0504,0.04997,0.05009,260597
1777179600000,0.05009,0.05058,0.05002,0.05054,517135
1777180500000,0.05054,0.05067,0.05041,0.05045,385864
1777181400000,0.05045,0.05052,0.0503,0.0503,94982
1777182300000,0.0503,0.05052,0.05025,0.05026,130564
1777183200000,0.05026,0.05046,0.05026,0.05039,6242
1777184100000,0.05039,0.05041,0.05036,0.05036,31649
1777185000000,0.05036,0.05051,0.05036,0.0504,78684
1777185900000,0.0504,0.05051,0.05039,0.05051,20198
1777186800000,0.05051,0.05061,0.0504,0.05057,313706
1777187700000,0.05057,0.05057,0.05022,0.05022,41858
1777188600000,0.05022,0.05027,0.05019,0.05027,28373
1777189500000,0.05027,0.05032,0.05012,0.05012,175058
1777190400000,0.05012,0.05012,0.04994,0.05011,314908
1777191300000,0.05011,0.05012,0.04982,0.04991,471299
1777192200000,0.04991,0.05002,0.04978,0.04978,12567
1777193100000,0.04978,0.04994,0.04973,0.04994,188242
1777194000000,0.04994,0.05001,0.04988,0.04988,80443
1777194900000,0.04988,0.04988,0.04969,0.04972,37938
1777195800000,0.04972,0.04976,0.0497,0.04974,68369
1777196700000,0.04974,0.04978,0.04971,0.04978,8023
1777197600000,0.04978,0.04978,0.04968,0.04968,24521
1777198500000,0.04968,0.04983,0.04968,0.04983,10751
1777199400000,0.04983,0.04985,0.04969,0.04982,105186
1777200300000,0.04982,0.04992,0.04982,0.04984,21658
1777201200000,0.04984,0.04985,0.04962,0.04968,49427
1777202100000,0.04968,0.04991,0.04968,0.04989,104140
1777203000000,0.04989,0.05,0.04989,0.04996,276193
1777203900000,0.04996,0.05006,0.04996,0.05006,13231
1777204800000,0.05006,0.05015,0.04999,0.05,57276
1777205700000,0.05,0.05,0.04991,0.04996,34007
1777206600000,0.04996,0.04996,0.04962,0.04963,50565
1777207500000,0.04963,0.04968,0.04946,0.04957,286663
1777208400000,0.04957,0.04969,0.04953,0.04967,16134
1777209300000,0.04967,0.04967,0.0495,0.04951,69419
1777210200000,0.04951,0.04959,0.04939,0.04939,289550
1777211100000,0.04939,0.04942,0.04929,0.04929,89968
1777212000000,0.04929,0.04944,0.04929,0.04942,27016
1777212900000,0.04942,0.04971,0.04938,0.04959,66937
1777213800000,0.04959,0.04986,0.04953,0.04978,274970
1777214700000,0.04978,0.04978,0.04959,0.04966,112592
1777215600000,0.04966,0.04974,0.04964,0.04966,60014
1777216500000,0.04966,0.04984,0.04966,0.04984,10556
1777217400000,0.04984,0.04986,0.04971,0.04979,85526
1777218300000,0.04979,0.04979,0.04929,0.04948,1062256
1777219200000,0.04948,0.04948,0.04931,0.04933,110167
1777220100000,0.04933,0.04953,0.04929,0.04949,167890
1777221000000,0.04949,0.04954,0.0494,0.0494,103790
1777221900000,0.0494,0.0494,0.0493,0.04935,11626
1777222800000,0.04935,0.04935,0.04913,0.04932,39185
1777223700000,0.04932,0.04932,0.04918,0.04918,6337
1777224600000,0.04918,0.04921,0.04916,0.04916,28886
1777225500000,0.04916,0.04928,0.04916,0.04922,81878
1777226400000,0.04922,0.0494,0.04922,0.04935,140581
1777227300000,0.04935,0.04946,0.04934,0.04941,88882
1777228200000,0.04941,0.04948,0.04941,0.04946,10279
1777229100000,0.04946,0.04956,0.04941,0.04941,312381
1777230000000,0.04941,0.04961,0.0494,0.04954,46393
1777230900000,0.04954,0.04966,0.04942,0.0495,73367
1777231800000,0.0495,0.04956,0.04942,0.04954,38108
1777232700000,0.04954,0.04954,0.04945,0.04945,5701
1777233600000,0.04945,0.04949,0.04941,0.04946,14844
1777234500000,0.04946,0.04961,0.04946,0.0496,28824
1777235400000,0.0496,0.04968,0.04959,0.04961,32357
1777236300000,0.04961,0.04961,0.0495,0.04951,42891
1777237200000,0.04951,0.04967,0.04948,0.04954,158000
1777238100000,0.04954,0.04954,0.04947,0.04947,3711
1777239000000,0.04947,0.04947,0.0492,0.0492,17355
1777239900000,0.0492,0.0496,0.04897,0.0496,573261
1777240800000,0.0496,0.04967,0.0495,0.04964,199445
1777241700000,0.04964,0.04987,0.04964,0.04983,230614
1777242600000,0.04983,0.04983,0.04931,0.04941,80679
1777243500000,0.04941,0.04968,0.04941,0.04955,473687
1777244400000,0.04955,0.04955,0.04945,0.04955,66485
1777245300000,0.04955,0.04959,0.04945,0.04956,189487
1777246200000,0.04956,0.04972,0.04937,0.04972,183271
1777247100000,0.04972,0.0498,0.04954,0.04954,12975
1777248000000,0.04954,0.04964,0.04953,0.04953,220519
1777248900000,0.04953,0.04957,0.04923,0.0493,152246
1777249800000,0.0493,0.04974,0.0493,0.04974,268475
1777250700000,0.04974,0.04993,0.04952,0.04988,287174
1777251600000,0.04988,0.05015,0.04988,0.04997,474514
1777252500000,0.04997,0.05009,0.04992,0.04998,28930
1777253400000,0.04998,0.05027,0.04997,0.05018,276630
1777254300000,0.05018,0.05041,0.05018,0.05021,137053
1777255200000,0.05021,0.05031,0.0501,0.05012,26950
1777256100000,0.05012,0.05025,0.05007,0.05014,11897
1777257000000,0.05014,0.05035,0.05014,0.05032,27534
1777257900000,0.05032,0.05066,0.05032,0.05061,23980
1777258800000,0.05061,0.05074,0.05054,0.05069,180325
1777259700000,0.05069,0.05087,0.05058,0.05087,258350
1777260600000,0.05087,0.05087,0.05069,0.05072,101375
1777261500000,0.05072,0.05072,0.05059,0.05059,10976
1777262400000,0.05059,0.05059,0.05048,0.05048,6990
1777263300000,0.05048,0.05054,0.0504,0.0504,11524
1777264200000,0.0504,0.05043,0.0503,0.05031,9441
1777265100000,0.05031,0.05033,0.05024,0.0503,20728
1777266000000,0.0503,0.0503,0.04979,0.04981,94574
1777266900000,0.04981,0.04981,0.04895,0.04905,586852
1777267800000,0.04905,0.04908,0.04881,0.04904,291716
1777268700000,0.04904,0.04911,0.04878,0.04902,312201
1777269600000,0.04902,0.04902,0.04848,0.04876,1418178
1777270500000,0.04876,0.04881,0.04867,0.04867,25084
1777271400000,0.04867,0.04871,0.04831,0.04846,73592
1777272300000,0.04846,0.04854,0.04841,0.04851,74696
1777273200000,0.04851,0.04855,0.04836,0.04851,359534
1777274100000,0.04851,0.04851,0.04848,0.04848,3105
1777275000000,0.04848,0.04848,0.04836,0.04843,12796
1777275900000,0.04843,0.0486,0.04843,0.04852,53333
1777276800000,0.04852,0.04866,0.04837,0.04866,24094
1777277700000,0.04866,0.04866,0.04853,0.04856,6107
1777278600000,0.04856,0.04856,0.04842,0.04853,3358
1777279500000,0.04853,0.04901,0.04853,0.04896,634052
1777280400000,0.04896,0.04913,0.04892,0.04902,232146
1777281300000,0.04902,0.04912,0.04901,0.04903,30734
1777282200000,0.04903,0.04927,0.04902,0.04919,1079607
1777283100000,0.04919,0.0492,0.04909,0.04909,17066
1777284000000,0.04909,0.04932,0.04909,0.04921,12411
1777284900000,0.04921,0.04921,0.04907,0.04907,1846
1777285800000,0.04907,0.04916,0.04889,0.0489,95036
1777286700000,0.0489,0.04895,0.0489,0.04892,49421
1777287600000,0.04892,0.04892,0.04878,0.04878,21391
1777288500000,0.04878,0.04884,0.04873,0.04884,16876
1777289400000,0.04884,0.04884,0.04877,0.0488,10768
1777290300000,0.0488,0.04883,0.04877,0.04882,20122
1777291200000,0.04882,0.04891,0.04875,0.04884,13723
1777292100000,0.04884,0.04884,0.04872,0.04876,16421
1777293000000,0.04876,0.04884,0.04876,0.04883,63977
1777293900000,0.04883,0.04883,0.04875,0.04876,36153
1777294800000,0.04876,0.04883,0.04876,0.04879,20217
1777295700000,0.04879,0.04886,0.04878,0.04881,27359
1777296600000,0.04881,0.04883,0.04874,0.04875,148791
1777297500000,0.04875,0.04879,0.04848,0.04863,408166
1777298400000,0.04863,0.0488,0.04863,0.04879,28632
1777299300000,0.04879,0.04889,0.04879,0.04887,192629
1777300200000,0.04887,0.04932,0.04885,0.04929,259175
1777301100000,0.04929,0.04929,0.04887,0.0489,18479
1777302000000,0.0489,0.04892,0.04856,0.04856,13849
1777302900000,0.04856,0.04856,0.04773,0.0481,2275228
1777303800000,0.0481,0.04833,0.04798,0.048,919448
1777304700000,0.048,0.04803,0.0478,0.04783,413120
1777305600000,0.04783,0.04792,0.04774,0.04789,30472
1777306500000,0.04789,0.0481,0.04789,0.048,356926
1777307400000,0.048,0.048,0.0479,0.0479,1506
1777308300000,0.0479,0.04801,0.0479,0.04799,37305
1777309200000,0.04799,0.04817,0.04798,0.04798,261266
1777310100000,0.04798,0.04819,0.04791,0.04813,211574
1777311000000,0.04813,0.04823,0.04808,0.04823,110530
1777311900000,0.04823,0.04827,0.04815,0.04822,106634
1777312800000,0.04822,0.04822,0.04805,0.04805,143505
1777313700000,0.04805,0.04826,0.04805,0.04811,5602
1777314600000,0.04811,0.04811,0.048,0.04805,2974
1777315500000,0.04805,0.04812,0.04805,0.04812,1961
1777316400000,0.04812,0.04816,0.04801,0.04813,33493
1777317300000,0.04813,0.04813,0.0478,0.0478,25935
1777318200000,0.0478,0.04785,0.04764,0.04785,67267
1777319100000,0.04785,0.04794,0.04785,0.04794,5243
1777320000000,0.04794,0.04802,0.04784,0.0479,63993
1777320900000,0.0479,0.04793,0.0479,0.04791,23503
1777321800000,0.04791,0.04797,0.04789,0.04793,19689
1777322700000,0.04793,0.04793,0.04782,0.04784,5544
1777323600000,0.04784,0.04785,0.04779,0.04782,58764
1777324500000,0.04782,0.04786,0.04779,0.04781,31810
1777325400000,0.04781,0.04801,0.04781,0.04801,2018
1777326300000,0.04801,0.04803,0.04794,0.04794,14102
1777327200000,0.04794,0.04805,0.04794,0.048,21799
1777328100000,0.048,0.04809,0.04793,0.04809,143354
1777329000000,0.04809,0.04822,0.04809,0.04812,6180
1777329900000,0.04812,0.04828,0.04812,0.04813,310832
1777330800000,0.04813,0.04823,0.04813,0.04822,149623
1777331700000,0.04822,0.04831,0.0482,0.04826,32075
1777332600000,0.04826,0.04836,0.04817,0.04829,181926
1777333500000,0.04829,0.04843,0.04826,0.04843,233009
1777334400000,0.04843,0.04843,0.04831,0.04835,415270
1777335300000,0.04835,0.04839,0.04819,0.04819,35807
1777336200000,0.04819,0.04838,0.04819,0.04834,11294
1777337100000,0.04834,0.04842,0.04834,0.04835,52753
1777338000000,0.04835,0.04838,0.04825,0.04834,5968
1777338900000,0.04834,0.04835,0.04819,0.04832,220945
1777339800000,0.04832,0.04832,0.04824,0.04829,9862
1777340700000,0.04829,0.04832,0.0482,0.0482,301569
1777341600000,0.0482,0.04827,0.04818,0.04827,62191
1777342500000,0.04827,0.04839,0.04823,0.04831,27858
1777343400000,0.04831,0.04831,0.04799,0.04803,314158
1777344300000,0.04803,0.0482,0.04803,0.04815,17820
1777345200000,0.04815,0.04815,0.04793,0.048,92618
1777346100000,0.048,0.04805,0.04792,0.04792,60136
1777347000000,0.04792,0.04806,0.04792,0.04806,8500
1777347900000,0.04806,0.04816,0.04804,0.04816,39214
1777348800000,0.04816,0.04831,0.04814,0.04831,11150
1777349700000,0.04831,0.0484,0.04812,0.04817,232459
1777350600000,0.04817,0.0485,0.04817,0.0485,98744
1777351500000,0.0485,0.04853,0.04843,0.04849,19891
1777352400000,0.04849,0.04865,0.04849,0.04849,144394
1777353300000,0.04849,0.04864,0.04844,0.04864,5982
1777354200000,0.04864,0.04864,0.04845,0.04845,3091
1777355100000,0.04845,0.04845,0.04836,0.04836,34387
1777356000000,0.04836,0.04848,0.0483,0.04848,30052
1777356900000,0.04848,0.04848,0.04828,0.0483,125359
1777357800000,0.0483,0.04837,0.04799,0.048,54990
1777358700000,0.048,0.04813,0.04793,0.0481,843422
1777359600000,0.0481,0.04812,0.04796,0.04796,21633
1777360500000,0.04796,0.04796,0.0477,0.0478,1034102
1777361400000,0.0478,0.04803,0.0478,0.04799,10237
1777362300000,0.04799,0.04799,0.04785,0.04788,30575
1777363200000,0.04788,0.04791,0.04775,0.04779,48639
1777364100000,0.04779,0.04793,0.04779,0.04793,10374
1777365000000,0.04793,0.04801,0.04788,0.04788,29113
1777365900000,0.04788,0.04788,0.04776,0.04783,28738
1777366800000,0.04783,0.04794,0.04778,0.04794,89267
1777367700000,0.04794,0.04804,0.04793,0.04796,61730
1777368600000,0.04796,0.04796,0.04769,0.04777,178286
1777369500000,0.04777,0.04777,0.04757,0.0476,134157
1777370400000,0.0476,0.04775,0.04759,0.04759,264629
1777371300000,0.04759,0.04765,0.04759,0.04763,16620
1777372200000,0.04763,0.04764,0.04755,0.04764,26870
1777373100000,0.04764,0.04764,0.04749,0.04755,7256
1777374000000,0.04755,0.04755,0.04734,0.04734,58588
1777374900000,0.04734,0.04745,0.0473,0.04744,19588
1777375800000,0.04744,0.04744,0.04731,0.04735,7871
1777376700000,0.04735,0.04735,0.04719,0.04729,26984
1777377600000,0.04729,0.04737,0.04729,0.04737,59957
1777378500000,0.04737,0.04752,0.04727,0.04733,398293
1777379400000,0.04733,0.04745,0.04731,0.04745,19806
1777380300000,0.04745,0.0476,0.04745,0.0476,6002
1777381200000,0.0476,0.04765,0.04734,0.04748,35198
1777382100000,0.04748,0.04759,0.04728,0.04754,402837
1777383000000,0.04754,0.04754,0.0474,0.0474,109296
1777383900000,0.0474,0.04765,0.04731,0.0474,502168
1777384800000,0.0474,0.0474,0.04721,0.04723,164059
1777385700000,0.04723,0.04729,0.04692,0.04694,239373
1777386600000,0.04694,0.0472,0.04694,0.0472,61065
1777387500000,0.0472,0.04727,0.0471,0.04727,30355
1777388400000,0.04727,0.04743,0.04727,0.04743,8271
1777389300000,0.04743,0.04743,0.04729,0.0473,36090
1777390200000,0.0473,0.04754,0.04723,0.04739,13590
1777391100000,0.04739,0.04755,0.04739,0.04754,23638
1777392000000,0.04754,0.04758,0.0475,0.04758,12116
1777392900000,0.04758,0.04771,0.04752,0.04763,200800
1777393800000,0.04763,0.04763,0.04734,0.04734,11389
1777394700000,0.04734,0.04747,0.04734,0.04734,83753
1777395600000,0.04734,0.04737,0.04726,0.04726,62439
1777396500000,0.04726,0.04728,0.04716,0.04728,4921
1777397400000,0.04728,0.0476,0.04728,0.04746,182728
1777398300000,0.04746,0.04757,0.04744,0.04744,180761
1777399200000,0.04744,0.0475,0.04744,0.04748,45320
1777400100000,0.04748,0.04763,0.04748,0.04756,77398
1777401000000,0.04756,0.04759,0.0475,0.0475,14513
1777401900000,0.0475,0.04768,0.0475,0.04768,224607
1777402800000,0.04768,0.0477,0.04763,0.04763,34791
1777403700000,0.04763,0.04763,0.04758,0.0476,1554
1777404600000,0.0476,0.04779,0.0476,0.04779,17642
1777405500000,0.04779,0.04793,0.04779,0.04788,123888
1777406400000,0.04788,0.04797,0.04783,0.04794,35912
1777407300000,0.04794,0.04794,0.04774,0.04774,10317
1777408200000,0.04774,0.04778,0.0477,0.04775,10832
1777409100000,0.04775,0.04775,0.04763,0.04763,11404
1777410000000,0.04763,0.04777,0.04763,0.04765,13812
1777410900000,0.04765,0.0477,0.0476,0.0476,9219
1777411800000,0.0476,0.0476,0.04759,0.04759,4561
1777412700000,0.04759,0.04767,0.04759,0.04763,1237
1777413600000,0.04763,0.04771,0.04763,0.04768,2308
1777414500000,0.04768,0.04776,0.04768,0.04775,58197
1777415400000,0.04775,0.04775,0.04762,0.04762,16959
1777416300000,0.04762,0.04762,0.04762,0.04762,653
1777417200000,0.04762,0.04762,0.04751,0.04761,21009
1777418100000,0.04761,0.04761,0.04748,0.04748,3363
1777419000000,0.04748,0.04755,0.04748,0.04753,53389
1777419900000,0.04753,0.04769,0.04753,0.04759,97502
1777420800000,0.04759,0.04764,0.04726,0.04742,545146
1777421700000,0.04742,0.04745,0.04733,0.04733,57833
1777422600000,0.04733,0.04741,0.04732,0.04733,8859
1777423500000,0.04733,0.04745,0.04731,0.04742,21205
1777424400000,0.04742,0.04742,0.04727,0.04732,15897
1777425300000,0.04732,0.04738,0.04722,0.04723,70970
1777426200000,0.04723,0.04726,0.04722,0.04726,1421
1777427100000,0.04726,0.04755,0.04726,0.04743,502909
1777428000000,0.04743,0.04759,0.04743,0.04759,1700
1777428900000,0.04759,0.04759,0.04741,0.04741,9533
1777429800000,0.04741,0.04741,0.04726,0.04738,235685
1777430700000,0.04738,0.04755,0.04738,0.04752,7232
1777431600000,0.04752,0.04765,0.04752,0.04765,24398
1777432500000,0.04765,0.04778,0.04759,0.04772,79407
1777433400000,0.04772,0.04782,0.04761,0.04782,80646
1777434300000,0.04782,0.04783,0.04773,0.0478,225293
1777435200000,0.0478,0.04791,0.04779,0.04779,125981
1777436100000,0.04779,0.04787,0.04777,0.04782,7592
1777437000000,0.04782,0.04834,0.04781,0.04825,319350
1777437900000,0.04825,0.04843,0.04825,0.04843,99689
1777438800000,0.04843,0.04848,0.04824,0.04827,19284
1777439700000,0.04827,0.04827,0.04823,0.04827,22279
1777440600000,0.04827,0.04842,0.04827,0.04842,5004
1777441500000,0.04842,0.04856,0.04833,0.04833,274714
1777442400000,0.04833,0.04838,0.04823,0.04827,563877
1777443300000,0.04827,0.04827,0.04808,0.0481,45473
1777444200000,0.0481,0.04823,0.04809,0.04809,137027
1777445100000,0.04809,0.04809,0.04793,0.04807,313181
1777446000000,0.04807,0.04814,0.04798,0.04801,148232
1777446900000,0.04801,0.04809,0.04801,0.04809,14386
1777447800000,0.04809,0.0483,0.04809,0.04816,83884
1777448700000,0.04816,0.04816,0.048,0.048,21461
1777449600000,0.048,0.048,0.0479,0.04795,2841
1777450500000,0.04795,0.04795,0.04764,0.04782,1123971
1777451400000,0.04782,0.04786,0.04772,0.04782,33379
1777452300000,0.04782,0.04787,0.04779,0.04779,22678
1777453200000,0.04779,0.04782,0.04765,0.04777,6791
1777454100000,0.04777,0.04793,0.04777,0.0479,46580
1777455000000,0.0479,0.04809,0.0479,0.04804,202662
1777455900000,0.04804,0.04828,0.04795,0.0482,263016
1777456800000,0.0482,0.04828,0.04818,0.04822,98517
1777457700000,0.04822,0.04829,0.04822,0.04826,31508
1777458600000,0.04826,0.04828,0.04814,0.04816,233572
1777459500000,0.04816,0.04819,0.04806,0.04807,33462
1777460400000,0.04807,0.04807,0.04793,0.04798,21846
1777461300000,0.04798,0.04798,0.04784,0.04784,225865
1777462200000,0.04784,0.04784,0.04767,0.04771,70233
1777463100000,0.04771,0.04776,0.04764,0.04767,109263
1777464000000,0.04767,0.04767,0.04716,0.04716,137162
1777464900000,0.04716,0.04726,0.04708,0.04719,145309
1777465800000,0.04719,0.04719,0.04705,0.04711,185480
1777466700000,0.04711,0.04718,0.04711,0.04714,6975
1777467600000,0.04714,0.04727,0.04714,0.0472,9918
1777468500000,0.0472,0.0472,0.04679,0.04687,289229
1777469400000,0.04687,0.04692,0.04672,0.04678,328098
1777470300000,0.04678,0.04693,0.04664,0.04691,110722
1777471200000,0.04691,0.04692,0.04674,0.04685,12773
1777472100000,0.04685,0.04707,0.04684,0.04705,197384
1777473000000,0.04705,0.04721,0.04702,0.04706,26530
1777473900000,0.04706,0.04713,0.04696,0.04696,387920
1777474800000,0.04696,0.04696,0.0463,0.04648,837757
1777475700000,0.04648,0.04656,0.04638,0.04644,22733
1777476600000,0.04644,0.04652,0.04627,0.04635,66801
1777477500000,0.04635,0.04635,0.0462,0.04629,502296
1777478400000,0.04629,0.04666,0.04622,0.04653,62037
1777479300000,0.04653,0.04653,0.0464,0.0464,53166
1777480200000,0.0464,0.04644,0.04637,0.04641,6859
1777481100000,0.04641,0.04645,0.04623,0.04637,619442
1777482000000,0.04637,0.04667,0.04637,0.04664,508257
1777482900000,0.04664,0.04679,0.04659,0.04669,101142
1777483800000,0.04669,0.04669,0.04661,0.04661,3143
1777484700000,0.04661,0.04669,0.04653,0.04669,4964
1777485600000,0.04669,0.04669,0.04535,0.04564,542545
1777486500000,0.04564,0.0457,0.04533,0.04537,344825
1777487400000,0.04537,0.04574,0.04513,0.04559,368654
1777488300000,0.04559,0.04603,0.04559,0.04603,31044
1777489200000,0.04603,0.04608,0.04576,0.04588,33160
1777490100000,0.04588,0.04596,0.04581,0.04583,33640
1777491000000,0.04583,0.04592,0.04573,0.04589,210002
1777491900000,0.04589,0.04598,0.04587,0.04587,14703
1777492800000,0.04587,0.04623,0.04587,0.04599,139123
1777493700000,0.04599,0.04613,0.04599,0.0461,20023
1777494600000,0.0461,0.0464,0.0461,0.04633,65732
1777495500000,0.04633,0.04636,0.0463,0.0463,13727
1777496400000,0.0463,0.04635,0.04619,0.04635,62936
1777497300000,0.04635,0.04656,0.04635,0.04656,2010
1777498200000,0.04656,0.04668,0.04656,0.04667,6079
1777499100000,0.04667,0.04675,0.04662,0.04662,14887
1777500000000,0.04662,0.04668,0.04662,0.04668,17226
1777500900000,0.04668,0.04668,0.0466,0.04664,17540
1777501800000,0.04664,0.04667,0.04659,0.04667,302235
1777502700000,0.04667,0.04672,0.04667,0.04672,4206
1777503600000,0.04672,0.04672,0.04652,0.0467,257182
1777504500000,0.0467,0.0467,0.0465,0.0465,10004
1777505400000,0.0465,0.04662,0.0465,0.04658,216606
1777506300000,0.04658,0.04675,0.04658,0.04675,10966
1777507200000,0.04675,0.04687,0.04675,0.04687,26250
1777508100000,0.04687,0.04687,0.04673,0.04673,1780
1777509000000,0.04673,0.04708,0.04673,0.04696,465140
1777509900000,0.04696,0.0472,0.04696,0.04715,100885
1777510800000,0.04715,0.04717,0.04703,0.04703,4050
1777511700000,0.04703,0.04708,0.04694,0.04708,15301
1777512600000,0.04708,0.04711,0.04704,0.04704,127894
1777513500000,0.04704,0.04713,0.04704,0.04705,41014
1777514400000,0.04705,0.04705,0.04692,0.04695,133669
1777515300000,0.04695,0.04712,0.04692,0.04694,22054
1777516200000,0.04694,0.04694,0.04642,0.04654,550746
1777517100000,0.04654,0.04659,0.0464,0.04651,94179
1777518000000,0.04651,0.04651,0.04641,0.04641,11237
1777518900000,0.04641,0.04657,0.04641,0.04657,10146
1777519800000,0.04657,0.04662,0.04652,0.04659,59979
1777520700000,0.04659,0.04659,0.04645,0.04645,48006
1777521600000,0.04645,0.04645,0.04629,0.04638,77985
1777522500000,0.04638,0.04642,0.04635,0.0464,10664
1777523400000,0.0464,0.0464,0.04608,0.04608,55450
1777524300000,0.04608,0.0461,0.046,0.046,4875
1777525200000,0.046,0.04633,0.04599,0.04633,40787
1777526100000,0.04633,0.04633,0.04592,0.04607,62767
1777527000000,0.04607,0.04636,0.04606,0.04631,494045
1777527900000,0.04631,0.04639,0.04631,0.04632,2682
1777528800000,0.04632,0.04632,0.04621,0.04631,7658
1777529700000,0.04631,0.04631,0.04625,0.04625,1069
1777530600000,0.04625,0.04652,0.04625,0.04648,5586
1777531500000,0.04648,0.04656,0.04647,0.04652,56014
1777532400000,0.04652,0.04661,0.04648,0.04651,59162
1777533300000,0.04651,0.04667,0.04651,0.04667,5776
1777534200000,0.04667,0.04693,0.04667,0.04691,206373
1777535100000,0.04691,0.04695,0.04688,0.04688,7405
1777536000000,0.04688,0.0469,0.04686,0.04687,3650
1777536900000,0.04687,0.04701,0.04686,0.04693,426072
1777537800000,0.04693,0.04694,0.04689,0.04694,11943
1777538700000,0.04694,0.04694,0.04683,0.04684,53832
1777539600000,0.04684,0.04684,0.04668,0.04674,183281
1777540500000,0.04674,0.04682,0.04674,0.04681,53633
1777541400000,0.04681,0.04699,0.04681,0.04692,30332
1777542300000,0.04692,0.04694,0.04678,0.04678,18549
1777543200000,0.04678,0.04689,0.04668,0.04668,40143
1777544100000,0.04668,0.04672,0.04666,0.0467,16080
1777545000000,0.0467,0.04672,0.04667,0.04667,45688
1777545900000,0.04667,0.04669,0.0466,0.04663,16431
1777546800000,0.04663,0.04683,0.04657,0.04682,386928
1777547700000,0.04682,0.04693,0.04673,0.04675,770968
1777548600000,0.04675,0.04683,0.04657,0.04657,52218
1777549500000,0.04657,0.04684,0.04649,0.04684,671856
1777550400000,0.04684,0.04702,0.04684,0.04702,57879
1777551300000,0.04702,0.04724,0.04702,0.04712,338288
1777552200000,0.04712,0.04714,0.04698,0.04698,101130
1777553100000,0.04698,0.04698,0.04686,0.04686,14606
1777554000000,0.04686,0.04703,0.04686,0.047,2484
1777554900000,0.047,0.04703,0.04693,0.04693,2440
1777555800000,0.04693,0.04693,0.04673,0.04679,32562
1777556700000,0.04679,0.04687,0.04669,0.04669,77137
1777557600000,0.04669,0.04687,0.04667,0.04667,8661
1777558500000,0.04667,0.0467,0.04624,0.04666,1875863
1777559400000,0.04666,0.04688,0.04655,0.04655,270761
1777560300000,0.04655,0.04671,0.04655,0.04656,9197
1777561200000,0.04656,0.04669,0.04645,0.04656,289683
1777562100000,0.04656,0.04658,0.04651,0.04657,5683
1777563000000,0.04657,0.04673,0.04648,0.04648,95991
1777563900000,0.04648,0.04682,0.04646,0.04676,304882
1777564800000,0.04676,0.04681,0.04671,0.04674,43261
1777565700000,0.04674,0.04679,0.04662,0.0467,368662
1777566600000,0.0467,0.0467,0.04652,0.04652,2294
1777567500000,0.04652,0.04658,0.04646,0.04646,8005
1777568400000,0.04646,0.04655,0.04646,0.04655,1336
1777569300000,0.04655,0.04655,0.04642,0.04645,3314
1777570200000,0.04645,0.04645,0.04641,0.04643,9672
1777571100000,0.04643,0.04651,0.04643,0.0465,71633
1777572000000,0.0465,0.04663,0.04644,0.04651,23794
1777572900000,0.04651,0.04653,0.04647,0.04647,1580
1777573800000,0.04647,0.04658,0.04639,0.04658,5048
1777574700000,0.04658,0.0466,0.04644,0.04644,34268
1777575600000,0.04644,0.04661,0.04638,0.04661,36757
1777576500000,0.04661,0.04661,0.0465,0.0465,114580
1777577400000,0.0465,0.04653,0.0465,0.04651,16230
1777578300000,0.04651,0.04651,0.04636,0.04636,5089
1777579200000,0.04636,0.04636,0.04634,0.04635,1436
1777580100000,0.04635,0.04641,0.04635,0.04641,8245
1777581000000,0.04641,0.04641,0.04637,0.04639,39303
1777581900000,0.04639,0.04639,0.04634,0.04634,5770
1777582800000,0.04634,0.04637,0.04632,0.04635,8873
1777583700000,0.04635,0.04639,0.04633,0.04633,51856
1777584600000,0.04633,0.04633,0.04633,0.04633,0
1777585500000,0.04633,0.04633,0.04633,0.04633,0
1777586400000,0.04633,0.04633,0.04617,0.04621,42168
1777587300000,0.04621,0.04629,0.04621,0.04627,7815
1777588200000,0.04627,0.0463,0.04619,0.04621,39811
1777589100000,0.04621,0.04621,0.0462,0.04621,2794
1777590000000,0.04621,0.04625,0.04618,0.04623,3717
1777590900000,0.04623,0.04623,0.04623,0.04623,0
1777591800000,0.04623,0.0464,0.04623,0.0463,32058
1777592700000,0.0463,0.0465,0.0463,0.04635,109905
1777593600000,0.04635,0.04656,0.04635,0.04656,92978
1777594500000,0.04656,0.04669,0.04642,0.04647,28036
1777595400000,0.04647,0.04652,0.04644,0.04652,41454
1777596300000,0.04652,0.04658,0.04638,0.04639,11963
1777597200000,0.04639,0.04665,0.04639,0.04659,9519
1777598100000,0.04659,0.04659,0.04659,0.04659,0
1777599000000,0.04659,0.04665,0.04659,0.04661,14918
1777599900000,0.04661,0.04678,0.04661,0.04673,26566
1777600800000,0.04673,0.04673,0.04654,0.04654,94348
1777601700000,0.04654,0.04655,0.04651,0.04651,28203
1777602600000,0.04651,0.04655,0.04646,0.04651,6526
1777603500000,0.04651,0.04667,0.04651,0.04661,6941
1777604400000,0.04661,0.04679,0.04654,0.04679,13310
1777605300000,0.04679,0.04728,0.04679,0.04714,747145
1777606200000,0.04714,0.04732,0.04708,0.0472,610311
1777607100000,0.0472,0.0472,0.04704,0.04711,27655
1777608000000,0.04711,0.04735,0.0471,0.04721,87181
1777608900000,0.04721,0.04731,0.04689,0.04695,174123
1777609800000,0.04695,0.04702,0.04695,0.04698,115932
1777610700000,0.04698,0.04705,0.04698,0.04704,13800
1777611600000,0.04704,0.04718,0.04687,0.04718,132087
1777612500000,0.04718,0.04718,0.04698,0.04699,27253
1777613400000,0.04699,0.04706,0.04693,0.047,5138
1777614300000,0.047,0.047,0.04689,0.04689,10106
1777615200000,0.04689,0.04697,0.04689,0.04693,34646
1777616100000,0.04693,0.04701,0.04683,0.04684,121610
1777617000000,0.04684,0.04689,0.04663,0.04671,49916
1777617900000,0.04671,0.04672,0.04661,0.04667,25338
1777618800000,0.04667,0.04676,0.04661,0.04675,41453
1777619700000,0.04675,0.04675,0.0466,0.0466,88207
1777620600000,0.0466,0.04669,0.0466,0.04667,7832
1777621500000,0.04667,0.04687,0.04665,0.04687,12923
1777622400000,0.04687,0.04687,0.0468,0.04683,23057
1777623300000,0.04683,0.04683,0.04678,0.04678,4589
1777624200000,0.04678,0.04684,0.04678,0.0468,8783
1777625100000,0.0468,0.04692,0.04677,0.04691,32960
1777626000000,0.04691,0.04691,0.04678,0.04679,28852
1777626900000,0.04679,0.04688,0.04677,0.04688,29578
1777627800000,0.04688,0.04688,0.04675,0.04675,22685
1777628700000,0.04675,0.04675,0.04655,0.04671,263803
1777629600000,0.04671,0.04674,0.04641,0.04651,70371
1777630500000,0.04651,0.04665,0.04651,0.04658,8413
1777631400000,0.04658,0.04661,0.04654,0.0466,21614
1777632300000,0.0466,0.04667,0.0466,0.04667,5727
1777633200000,0.04667,0.04673,0.04659,0.04673,380419
1777634100000,0.04673,0.04677,0.04627,0.04658,1797329
1777635000000,0.04658,0.04658,0.04647,0.04653,77365
1777635900000,0.04653,0.04653,0.04646,0.04652,20806
1777636800000,0.04652,0.04659,0.04648,0.04659,55956
1777637700000,0.04659,0.04675,0.04654,0.04674,56014
1777638600000,0.04674,0.04679,0.04665,0.04665,37013
1777639500000,0.04665,0.0471,0.04661,0.04695,1452093
1777640400000,0.04695,0.04721,0.04695,0.04715,39095
1777641300000,0.04715,0.04719,0.04711,0.04711,6958
1777642200000,0.04711,0.04731,0.04703,0.04723,68554
1777643100000,0.04723,0.04747,0.04723,0.04747,126062
1777644000000,0.04747,0.04747,0.04722,0.04724,116366
1777644900000,0.04724,0.04724,0.04706,0.04706,79643
1777645800000,0.04706,0.04724,0.04696,0.047,23915
1777646700000,0.047,0.04718,0.047,0.04715,342172
1777647600000,0.04715,0.04715,0.047,0.04704,80090
1777648500000,0.04704,0.04704,0.04704,0.04704,0
1777649400000,0.04704,0.04729,0.04704,0.04725,115807
1777650300000,0.04725,0.04725,0.04691,0.04708,139883
1777651200000,0.04708,0.04708,0.04708,0.04708,1348
1777652100000,0.04708,0.04708,0.0468,0.04692,931968
1777653000000,0.04692,0.04698,0.04683,0.04698,54121
1777653900000,0.04698,0.04712,0.04695,0.04711,64238
1777654800000,0.04711,0.04711,0.04675,0.04683,10049
1777655700000,0.04683,0.04696,0.04683,0.04687,10723
1777656600000,0.04687,0.04696,0.04687,0.04694,9385
1777657500000,0.04694,0.04694,0.04679,0.04683,39013
1777658400000,0.04683,0.04683,0.04679,0.04683,18695
1777659300000,0.04683,0.04683,0.04672,0.04674,42185
1777660200000,0.04674,0.04686,0.04674,0.04685,40903
1777661100000,0.04685,0.0469,0.04684,0.04689,6192
1777662000000,0.04689,0.04698,0.04689,0.04695,19039
1777662900000,0.04695,0.04695,0.04694,0.04694,1218
1777663800000,0.04694,0.04694,0.04666,0.0467,36213
1777664700000,0.0467,0.0467,0.04658,0.04667,56169
1777665600000,0.04667,0.0467,0.04663,0.04663,54444
1777666500000,0.04663,0.04667,0.04653,0.04654,37703
1777667400000,0.04654,0.04666,0.04653,0.04655,76217
1777668300000,0.04655,0.04659,0.04639,0.0464,186124
1777669200000,0.0464,0.04648,0.04634,0.04638,29571
1777670100000,0.04638,0.04647,0.04638,0.04646,81305
1777671000000,0.04646,0.04663,0.04641,0.04649,130757
1777671900000,0.04649,0.04653,0.04649,0.04653,2128
1777672800000,0.04653,0.04698,0.04653,0.04694,1380788
1777673700000,0.04694,0.04715,0.04694,0.04715,14074
1777674600000,0.04715,0.04715,0.04688,0.04688,28128
1777675500000,0.04688,0.04688,0.04679,0.04682,2959
1777676400000,0.04682,0.04682,0.04661,0.04661,9877
1777677300000,0.04661,0.04661,0.04644,0.04644,19458
1777678200000,0.04644,0.04668,0.04644,0.04668,4363
1777679100000,0.04668,0.04674,0.04668,0.04671,20298
1777680000000,0.04671,0.0468,0.04671,0.0468,764
1777680900000,0.0468,0.0468,0.04666,0.04666,13846
1777681800000,0.04666,0.04676,0.04664,0.04675,26681
1777682700000,0.04675,0.04691,0.04675,0.04681,62920
1777683600000,0.04681,0.04694,0.04678,0.04693,47989
1777684500000,0.04693,0.04693,0.04681,0.04692,9233
1777685400000,0.04692,0.04701,0.04692,0.04693,17909
1777686300000,0.04693,0.04693,0.04693,0.04693,0
1777687200000,0.04693,0.04693,0.04661,0.04662,32663
1777688100000,0.04662,0.04666,0.04662,0.04666,2731
1777689000000,0.04666,0.04671,0.04659,0.04664,103948
1777689900000,0.04664,0.04668,0.04651,0.04651,213229
1777690800000,0.04651,0.04651,0.04637,0.04641,13764
1777691700000,0.04641,0.04659,0.04641,0.04658,51727
1777692600000,0.04658,0.04666,0.04649,0.04649,33788
1777693500000,0.04649,0.04656,0.04649,0.04656,2764
1777694400000,0.04656,0.04656,0.04639,0.04645,280160
1777695300000,0.04645,0.04648,0.0464,0.04642,74453
1777696200000,0.04642,0.04654,0.0464,0.04649,92303
1777697100000,0.04649,0.04649,0.04636,0.04641,76562
1777698000000,0.04641,0.04642,0.04628,0.04632,256090
1777698900000,0.04632,0.04632,0.04601,0.04616,1627632
1777699800000,0.04616,0.04629,0.04616,0.04629,28151
1777700700000,0.04629,0.04639,0.04627,0.0463,20390
1777701600000,0.0463,0.04649,0.04625,0.04632,62656
1777702500000,0.04632,0.04632,0.0463,0.0463,1367
1777703400000,0.0463,0.04639,0.0463,0.04639,6765
1777704300000,0.04639,0.04657,0.04639,0.04657,134391
1777705200000,0.04657,0.04672,0.04651,0.04657,595904
1777706100000,0.04657,0.04666,0.04654,0.04659,20514
1777707000000,0.04659,0.04662,0.04655,0.04661,9945
1777707900000,0.04661,0.04661,0.04654,0.04655,22617
1777708800000,0.04655,0.04661,0.04654,0.04657,37690
1777709700000,0.04657,0.04657,0.04655,0.04656,28527
1777710600000,0.04656,0.04667,0.04656,0.04659,439925
1777711500000,0.04659,0.04663,0.04656,0.04663,20360
1777712400000,0.04663,0.04677,0.04658,0.04677,26614
1777713300000,0.04677,0.04681,0.04672,0.04673,23783
1777714200000,0.04673,0.04686,0.0467,0.04672,51158
1777715100000,0.04672,0.04677,0.04672,0.04677,7126
1777716000000,0.04677,0.04679,0.04673,0.04677,11705
1777716900000,0.04677,0.04678,0.04671,0.04678,6514
1777717800000,0.04678,0.04678,0.04669,0.0467,104382
1777718700000,0.0467,0.04673,0.0467,0.04671,12196
1777719600000,0.04671,0.04671,0.04647,0.04647,42104
1777720500000,0.04647,0.04656,0.04647,0.04653,53484
1777721400000,0.04653,0.04653,0.0465,0.0465,177807
1777722300000,0.0465,0.04653,0.04648,0.04648,12857
1777723200000,0.04648,0.04656,0.04647,0.04655,13915
1777724100000,0.04655,0.04675,0.04653,0.04675,382861
1777725000000,0.04675,0.0468,0.04666,0.04672,29036
1777725900000,0.04672,0.04672,0.04658,0.04658,18223
1777726800000,0.04658,0.04672,0.04658,0.04672,12078
1777727700000,0.04672,0.04672,0.04665,0.04671,15679
1777728600000,0.04671,0.04683,0.04671,0.04683,7008
1777729500000,0.04683,0.04684,0.04675,0.04679,30909
1777730400000,0.04679,0.04704,0.04678,0.04693,234250
1777731300000,0.04693,0.04716,0.04689,0.04714,162262
1777732200000,0.04714,0.04714,0.04703,0.04706,26929
1777733100000,0.04706,0.04726,0.04705,0.04721,135556
1777734000000,0.04721,0.04722,0.0472,0.04722,35292
1777734900000,0.04722,0.0473,0.04711,0.04729,12341
1777735800000,0.04729,0.0475,0.04724,0.04742,357155
1777736700000,0.04742,0.04742,0.04741,0.04742,931
1777737600000,0.04742,0.04765,0.04742,0.04763,460225
1777738500000,0.04763,0.04763,0.04747,0.04747,55426
1777739400000,0.04747,0.04756,0.04736,0.04755,39292
1777740300000,0.04755,0.04769,0.04747,0.04769,47288
1777741200000,0.04769,0.04769,0.04755,0.04758,3471
1777742100000,0.04758,0.04762,0.04749,0.04754,23062
1777743000000,0.04754,0.04756,0.0474,0.0474,11115
1777743900000,0.0474,0.0474,0.0473,0.04737,557221
1777744800000,0.04737,0.04737,0.0472,0.0472,2369
1777745700000,0.0472,0.04741,0.0472,0.04738,3158
1777746600000,0.04738,0.04761,0.04738,0.04761,282154
1777747500000,0.04761,0.04761,0.04755,0.04757,194966
1777748400000,0.04757,0.04776,0.04757,0.04773,381413
1777749300000,0.04773,0.04784,0.04773,0.04782,53579
1777750200000,0.04782,0.04819,0.04773,0.04818,122680
1777751100000,0.04818,0.04824,0.04802,0.04814,219110
1777752000000,0.04814,0.04832,0.04814,0.04827,11469
1777752900000,0.04827,0.04829,0.04824,0.04824,4463
1777753800000,0.04824,0.04855,0.04822,0.0484,88255
1777754700000,0.0484,0.04841,0.04836,0.04837,32143
1777755600000,0.04837,0.04846,0.04829,0.04829,16042
1777756500000,0.04829,0.04868,0.04829,0.0486,403341
1777757400000,0.0486,0.04911,0.0486,0.04902,654550
1777758300000,0.04902,0.04969,0.04902,0.04948,2525453
1777759200000,0.04948,0.05042,0.04948,0.05037,458775
1777760100000,0.05037,0.05061,0.04997,0.05022,462687
1777761000000,0.05022,0.05045,0.04998,0.05002,234787
1777761900000,0.05002,0.05012,0.04985,0.04992,204685
1777762800000,0.04992,0.04992,0.0494,0.04967,594892
1777763700000,0.04967,0.04967,0.04944,0.04947,71241
1777764600000,0.04947,0.04964,0.04945,0.04945,26428
1777765500000,0.04945,0.04955,0.0494,0.04954,42439
1777766400000,0.04954,0.04967,0.04916,0.0492,100237
1777767300000,0.0492,0.04926,0.04904,0.04917,140783
1777768200000,0.04917,0.04942,0.04917,0.04922,220765
1777769100000,0.04922,0.04924,0.04922,0.04924,1507
1777770000000,0.04924,0.04934,0.04913,0.0493,148203
1777770900000,0.0493,0.04958,0.0493,0.04948,534290
1777771800000,0.04948,0.04948,0.04879,0.04899,449667
1777772700000,0.04899,0.04938,0.04899,0.04917,2770
1777773600000,0.04917,0.04939,0.04893,0.04894,139434
1777774500000,0.04894,0.04915,0.0489,0.0491,162809
1777775400000,0.0491,0.04929,0.0491,0.0492,228961
1777776300000,0.0492,0.04941,0.0492,0.04941,267484
1777777200000,0.04941,0.04946,0.04914,0.04926,534982
1777778100000,0.04926,0.04934,0.04907,0.04925,396484
1777779000000,0.04925,0.04952,0.04925,0.0494,586030
1777779900000,0.0494,0.04957,0.0494,0.04943,106784
1777780800000,0.04943,0.04948,0.0493,0.04942,422093
1777781700000,0.04942,0.04954,0.04942,0.04954,12117
1777782600000,0.04954,0.04964,0.04952,0.04963,276156
1777783500000,0.04963,0.04974,0.04935,0.04935,400317
1777784400000,0.04935,0.04962,0.04935,0.04962,15947
1777785300000,0.04962,0.04968,0.04933,0.04938,236903
1777786200000,0.04938,0.0495,0.04923,0.04927,88173
1777787100000,0.04927,0.04934,0.04927,0.04927,12814
1777788000000,0.04927,0.04932,0.04911,0.04911,355679
1777788900000,0.04911,0.0492,0.04875,0.04875,748761
1777789800000,0.04875,0.04914,0.0487,0.04913,653449
1777790700000,0.04913,0.04941,0.04913,0.04924,53052
1777791600000,0.04924,0.04929,0.0491,0.04913,15034
1777792500000,0.04913,0.04913,0.049,0.04904,66837
1777793400000,0.04904,0.04904,0.04884,0.04894,60858
1777794300000,0.04894,0.049,0.04893,0.04894,17895
1777795200000,0.04894,0.04921,0.04889,0.04917,34364
1777796100000,0.04917,0.04928,0.04913,0.04922,79761
1777797000000,0.04922,0.04922,0.04889,0.04896,78526
1777797900000,0.04896,0.04896,0.04883,0.04883,144068
1777798800000,0.04883,0.04889,0.04872,0.04889,257081
1777799700000,0.04889,0.04889,0.04879,0.04887,26700
1777800600000,0.04887,0.04895,0.04868,0.04883,329624
1777801500000,0.04883,0.04902,0.04882,0.04898,226917
1777802400000,0.04898,0.04912,0.04898,0.04909,59888
1777803300000,0.04909,0.04913,0.049,0.04906,36780
1777804200000,0.04906,0.0491,0.04897,0.04899,75468
1777805100000,0.04899,0.04899,0.04878,0.04884,213737
1777806000000,0.04884,0.0489,0.04854,0.04886,402984
1777806900000,0.04886,0.04886,0.04872,0.04872,14685
1777807800000,0.04872,0.04923,0.04872,0.04922,159240
1777808700000,0.04922,0.04922,0.04902,0.04903,24133
1777809600000,0.04903,0.04922,0.04898,0.04916,164313
1777810500000,0.04916,0.04919,0.04911,0.04915,64082
1777811400000,0.04915,0.04915,0.04895,0.04898,69065
1777812300000,0.04898,0.04903,0.04891,0.04898,176146
1777813200000,0.04898,0.04898,0.04871,0.04878,42256
1777814100000,0.04878,0.04889,0.04874,0.04889,60956
1777815000000,0.04889,0.04904,0.04889,0.0489,159662
1777815900000,0.0489,0.04898,0.0489,0.04891,144725
1777816800000,0.04891,0.04909,0.04882,0.04897,72852
1777817700000,0.04897,0.04904,0.04889,0.04903,42976
1777818600000,0.04903,0.04907,0.04896,0.04896,16495
1777819500000,0.04896,0.049,0.04894,0.04899,30618
1777820400000,0.04899,0.04921,0.04899,0.04914,44770
1777821300000,0.04914,0.04917,0.04912,0.04912,12422
1777822200000,0.04912,0.04919,0.04889,0.04889,86871
1777823100000,0.04889,0.04901,0.04889,0.04898,157724
1777824000000,0.04898,0.04911,0.04898,0.04911,47093
1777824900000,0.04911,0.04911,0.04894,0.04898,12101
1777825800000,0.04898,0.04917,0.04897,0.04902,50187
1777826700000,0.04902,0.04912,0.04902,0.04912,5171
1777827600000,0.04912,0.04912,0.04882,0.04909,45848
1777828500000,0.04909,0.04918,0.04908,0.04917,36847
1777829400000,0.04917,0.04917,0.04903,0.04905,171663
1777830300000,0.04905,0.04908,0.049,0.04908,47134
1777831200000,0.04908,0.04922,0.04908,0.04917,29457
1777832100000,0.04917,0.04928,0.04914,0.04924,90943
1777833000000,0.04924,0.04925,0.04914,0.04925,32965
1777833900000,0.04925,0.04926,0.04915,0.04915,26675
1777834800000,0.04915,0.04917,0.04901,0.04906,59747
1777835700000,0.04906,0.04906,0.04894,0.04906,28890
1777836600000,0.04906,0.04924,0.04906,0.04921,50563
1777837500000,0.04921,0.04922,0.04918,0.04922,68143
1777838400000,0.04922,0.04922,0.04906,0.04918,17382
1777839300000,0.04918,0.0494,0.04918,0.04931,209438
1777840200000,0.04931,0.04933,0.04924,0.04925,39297
1777841100000,0.04925,0.0493,0.04913,0.04924,303388
1777842000000,0.04924,0.04924,0.04918,0.04921,23674
1777842900000,0.04921,0.04926,0.04921,0.04926,25149
1777843800000,0.04926,0.04926,0.04893,0.04893,201
1777844700000,0.04893,0.04897,0.04887,0.0489,485493
1777845600000,0.0489,0.04942,0.0489,0.04941,83262
1777846500000,0.04941,0.04944,0.0491,0.04916,57111
1777847400000,0.04916,0.04922,0.04916,0.0492,1611
1777848300000,0.0492,0.04924,0.0492,0.04924,10535
1777849200000,0.04924,0.04925,0.04915,0.0492,29402
1777850100000,0.0492,0.0492,0.04889,0.04899,47245
1777851000000,0.04899,0.04902,0.04891,0.04894,27194
1777851900000,0.04894,0.04897,0.0489,0.04891,34632
1777852800000,0.04891,0.04897,0.04881,0.04881,19093
1777853700000,0.04881,0.04882,0.04864,0.04882,113413
1777854600000,0.04882,0.04894,0.04877,0.0489,35760
1777855500000,0.0489,0.04945,0.04887,0.04942,664423
1777856400000,0.04942,0.04942,0.04919,0.04924,53315
1777857300000,0.04924,0.04932,0.04894,0.04904,467526
1777858200000,0.04904,0.04949,0.04904,0.04946,214448
1777859100000,0.04946,0.04994,0.04938,0.04966,909881
1777860000000,0.04966,0.04998,0.04966,0.04992,113227
1777860900000,0.04992,0.05012,0.04974,0.05012,232938
1777861800000,0.05012,0.05042,0.05012,0.0503,360028
1777862700000,0.0503,0.05065,0.0503,0.05043,96800
1777863600000,0.05043,0.05043,0.05024,0.05038,190554
1777864500000,0.05038,0.05039,0.05016,0.05016,36629
1777865400000,0.05016,0.05054,0.05016,0.05038,420668
1777866300000,0.05038,0.05043,0.05038,0.05038,13952
1777867200000,0.05038,0.05048,0.05035,0.05042,110838
1777868100000,0.05042,0.05059,0.05035,0.05043,98006
1777869000000,0.05043,0.05043,0.05026,0.05028,33488
1777869900000,0.05028,0.05034,0.05021,0.05022,19419
1777870800000,0.05022,0.05022,0.04991,0.04996,66902
1777871700000,0.04996,0.05,0.04984,0.04984,32815
1777872600000,0.04984,0.05006,0.04983,0.05004,30089
1777873500000,0.05004,0.05004,0.0499,0.0499,4065
1777874400000,0.0499,0.0499,0.04961,0.04962,110240
1777875300000,0.04962,0.04964,0.04931,0.0495,58716
1777876200000,0.0495,0.04952,0.04942,0.04947,12117
1777877100000,0.04947,0.04967,0.04945,0.04965,75950
1777878000000,0.04965,0.04965,0.04953,0.04961,8934
1777878900000,0.04961,0.04961,0.04952,0.04952,135943
1777879800000,0.04952,0.04954,0.04946,0.04952,55436
1777880700000,0.04952,0.04977,0.04949,0.04953,591436
1777881600000,0.04953,0.04957,0.04951,0.04957,3358
1777882500000,0.04957,0.04957,0.04951,0.04951,2116
1777883400000,0.04951,0.04954,0.04932,0.04933,131383
1777884300000,0.04933,0.04941,0.04933,0.04941,1235
1777885200000,0.04941,0.04941,0.04914,0.0494,100419
1777886100000,0.0494,0.0494,0.04928,0.04928,11582
1777887000000,0.04928,0.04952,0.04928,0.04952,41391
1777887900000,0.04952,0.04976,0.04951,0.0497,109793
1777888800000,0.0497,0.0497,0.04855,0.04862,910015
1777889700000,0.04862,0.04871,0.04825,0.04843,1221602
1777890600000,0.04843,0.04895,0.04843,0.04862,670886
1777891500000,0.04862,0.04868,0.04846,0.04846,20612
1777892400000,0.04846,0.04847,0.04843,0.04843,8264
1777893300000,0.04843,0.04847,0.04833,0.04834,22623
1777894200000,0.04834,0.04856,0.04833,0.04843,104208
1777895100000,0.04843,0.04855,0.04843,0.04853,3355
1777896000000,0.04853,0.04866,0.04851,0.04863,14672
1777896900000,0.04863,0.0488,0.04858,0.04868,64982
1777897800000,0.04868,0.04868,0.04852,0.04863,24109
1777898700000,0.04863,0.04871,0.04849,0.04849,601274
1777899600000,0.04849,0.04857,0.04833,0.04851,511032
1777900500000,0.04851,0.04862,0.04851,0.04855,50050
1777901400000,0.04855,0.04867,0.04855,0.04857,146432
1777902300000,0.04857,0.04861,0.04841,0.04849,89008
1777903200000,0.04849,0.04851,0.04806,0.04847,1338311
1777904100000,0.04847,0.04868,0.04843,0.04863,61806
1777905000000,0.04863,0.04872,0.04847,0.04847,118455
1777905900000,0.04847,0.04899,0.04847,0.04889,173937
1777906800000,0.04889,0.04902,0.04863,0.04873,539578
1777907700000,0.04873,0.04902,0.04856,0.04867,485770
1777908600000,0.04867,0.04868,0.0485,0.04854,145526
1777909500000,0.04854,0.04867,0.04827,0.04853,123898
1777910400000,0.04853,0.04854,0.0481,0.0481,258732
1777911300000,0.0481,0.04845,0.04802,0.04835,262266
1777912200000,0.04835,0.04846,0.04832,0.04835,209343
1777913100000,0.04835,0.04835,0.04828,0.04833,54950
1777914000000,0.04833,0.04863,0.04833,0.04863,28779
1777914900000,0.04863,0.04876,0.04855,0.04871,170584
1777915800000,0.04871,0.04876,0.04863,0.04876,14357
1777916700000,0.04876,0.04908,0.04875,0.04908,216350
1777917600000,0.04908,0.04911,0.04901,0.04901,14751
1777918500000,0.04901,0.04901,0.0486,0.04863,27344
1777919400000,0.04863,0.04885,0.04863,0.04882,13246
1777920300000,0.04882,0.04891,0.04876,0.04891,372269
1777921200000,0.04891,0.04891,0.04875,0.04878,3753
1777922100000,0.04878,0.04878,0.04863,0.04874,232705
1777923000000,0.04874,0.04874,0.04857,0.04857,5875
1777923900000,0.04857,0.0486,0.04857,0.0486,10009
1777924800000,0.0486,0.04865,0.0486,0.04865,21007
1777925700000,0.04865,0.04865,0.04853,0.04853,2511
1777926600000,0.04853,0.04858,0.04851,0.04854,12986
1777927500000,0.04854,0.04854,0.04847,0.04847,13760
1777928400000,0.04847,0.04855,0.04839,0.04852,117553
1777929300000,0.04852,0.04889,0.04852,0.04889,106843
1777930200000,0.04889,0.04896,0.04888,0.04888,7349
1777931100000,0.04888,0.0491,0.04887,0.04898,51351
1777932000000,0.04898,0.04904,0.04898,0.04898,24784
1777932900000,0.04898,0.04898,0.04867,0.04867,57379
1777933800000,0.04867,0.0487,0.04859,0.04859,15704
1777934700000,0.04859,0.04861,0.04855,0.04856,7247
1777935600000,0.04856,0.0486,0.0485,0.0486,2658
1777936500000,0.0486,0.04867,0.04854,0.04867,4080
1777937400000,0.04867,0.04867,0.04852,0.04852,23494
1777938300000,0.04852,0.0487,0.04852,0.04864,55680
1777939200000,0.04864,0.04869,0.0486,0.04861,11064
1777940100000,0.04861,0.04868,0.04855,0.04855,39808
1777941000000,0.04855,0.0487,0.04855,0.04863,24630
1777941900000,0.04863,0.04888,0.04863,0.04878,40253
1777942800000,0.04878,0.04909,0.04876,0.04909,142590
1777943700000,0.04909,0.04911,0.04903,0.04905,9273
1777944600000,0.04905,0.04907,0.04898,0.04905,131862
1777945500000,0.04905,0.04911,0.04898,0.04905,28100
1777946400000,0.04905,0.04912,0.04901,0.04902,48574
1777947300000,0.04902,0.04941,0.04902,0.04932,21354
1777948200000,0.04932,0.04937,0.04914,0.04916,234478
1777949100000,0.04916,0.04916,0.04892,0.04898,36962
1777950000000,0.04898,0.04904,0.04891,0.04898,148496
1777950900000,0.04898,0.04913,0.04898,0.04913,4653
1777951800000,0.04913,0.04913,0.04896,0.04896,49969
1777952700000,0.04896,0.04907,0.04895,0.04898,311273
1777953600000,0.04898,0.04898,0.04884,0.04884,37662
1777954500000,0.04884,0.04906,0.04884,0.04901,2414
1777955400000,0.04901,0.04901,0.04889,0.04889,9067
1777956300000,0.04889,0.04891,0.04888,0.0489,103126
1777957200000,0.0489,0.04922,0.04883,0.04904,18951
1777958100000,0.04904,0.04911,0.04902,0.04911,17075
1777959000000,0.04911,0.0492,0.0491,0.04914,16666
1777959900000,0.04914,0.04926,0.04891,0.04911,167298
1777960800000,0.04911,0.04921,0.04911,0.04921,84332
1777961700000,0.04921,0.04922,0.04897,0.04897,57370
1777962600000,0.04897,0.049,0.0489,0.04892,101640
1777963500000,0.04892,0.04918,0.0489,0.04911,33561
1777964400000,0.04911,0.04911,0.04909,0.0491,6412
1777965300000,0.0491,0.04938,0.04908,0.04929,48141
1777966200000,0.04929,0.0494,0.04929,0.04939,13310
1777967100000,0.04939,0.04939,0.04926,0.0493,318294
1777968000000,0.0493,0.04941,0.04926,0.04941,27101
1777968900000,0.04941,0.04944,0.0493,0.0493,41139
1777969800000,0.0493,0.04931,0.04911,0.04915,275972
1777970700000,0.04915,0.04919,0.04915,0.04919,1022
1777971600000,0.04919,0.04924,0.04917,0.04924,28012
1777972500000,0.04924,0.04958,0.04924,0.04958,919900
1777973400000,0.04958,0.04964,0.0493,0.04937,237564
1777974300000,0.04937,0.04937,0.04932,0.04935,16220
1777975200000,0.04935,0.04955,0.04918,0.04955,278855
1777976100000,0.04955,0.04969,0.04955,0.04961,251631
1777977000000,0.04961,0.04979,0.04956,0.04966,288836
1777977900000,0.04966,0.0498,0.04957,0.04973,265849
1777978800000,0.04973,0.04976,0.04951,0.04958,480541
1777979700000,0.04958,0.04966,0.04937,0.04963,134561
1777980600000,0.04963,0.04974,0.04962,0.0497,69892
1777981500000,0.0497,0.05002,0.0497,0.05,155241
1777982400000,0.05,0.05,0.04978,0.04978,103875
1777983300000,0.04978,0.04991,0.04978,0.04989,101860
1777984200000,0.04989,0.05003,0.04989,0.04994,102708
1777985100000,0.04994,0.05006,0.04992,0.04998,598187
1777986000000,0.04998,0.05008,0.04988,0.05002,189417
1777986900000,0.05002,0.05003,0.0497,0.04977,249319
1777987800000,0.04977,0.04977,0.04952,0.04962,369268
1777988700000,0.04962,0.04987,0.04961,0.04965,55371
1777989600000,0.04965,0.04978,0.04951,0.04951,106250
1777990500000,0.04951,0.04957,0.04928,0.04948,444517
1777991400000,0.04948,0.04952,0.04905,0.04922,312062
1777992300000,0.04922,0.04931,0.04905,0.0493,96294
1777993200000,0.0493,0.04934,0.0492,0.04924,139553
1777994100000,0.04924,0.04931,0.0491,0.04911,181423
1777995000000,0.04911,0.04921,0.0491,0.04914,242820
1777995900000,0.04914,0.04919,0.04894,0.04897,171247
1777996800000,0.04897,0.04898,0.04872,0.04889,1011506
1777997700000,0.04889,0.04891,0.04881,0.04882,99500
1777998600000,0.04882,0.04891,0.04864,0.04867,520174
1777999500000,0.04867,0.04883,0.04867,0.04881,79654
1778000400000,0.04881,0.04903,0.04877,0.04894,622366
1778001300000,0.04894,0.04894,0.0489,0.0489,1223
1778002200000,0.0489,0.04893,0.0488,0.04887,85680
1778003100000,0.04887,0.04906,0.04887,0.049,183389
1778004000000,0.049,0.04907,0.049,0.04907,1673
1778004900000,0.04907,0.04911,0.04907,0.04909,6185
1778005800000,0.04909,0.04915,0.04909,0.04915,2243
1778006700000,0.04915,0.04946,0.04913,0.04923,1392374
1778007600000,0.04923,0.04945,0.04923,0.04941,37805
1778008500000,0.04941,0.04944,0.04934,0.04944,21959
1778009400000,0.04944,0.0495,0.04932,0.0494,53723
1778010300000,0.0494,0.0496,0.0494,0.04958,135080
1778011200000,0.04958,0.04994,0.04956,0.04993,449998
1778012100000,0.04993,0.05,0.04979,0.04987,167325
1778013000000,0.04987,0.05006,0.04987,0.05006,593097
1778013900000,0.05006,0.05016,0.04993,0.05014,427074
1778014800000,0.05014,0.05029,0.05008,0.05008,96512
1778015700000,0.05008,0.05016,0.05001,0.05015,38694
1778016600000,0.05015,0.05015,0.0499,0.0499,4008
1778017500000,0.0499,0.04992,0.0499,0.04992,2003
1778018400000,0.04992,0.04995,0.04978,0.04978,12087
1778019300000,0.04978,0.05006,0.04978,0.04992,103714
1778020200000,0.04992,0.04992,0.04956,0.04959,88424
1778021100000,0.04959,0.05001,0.04959,0.04973,726000
1778022000000,0.04973,0.04973,0.04957,0.04969,143566
1778022900000,0.04969,0.04975,0.04968,0.04968,16933
1778023800000,0.04968,0.04968,0.0493,0.04942,442096
1778024700000,0.04942,0.04959,0.04942,0.04954,7003
1778025600000,0.04954,0.04983,0.04954,0.04978,185853
1778026500000,0.04978,0.04982,0.04954,0.04954,15741
1778027400000,0.04954,0.04965,0.04954,0.04955,28660
1778028300000,0.04955,0.04987,0.04948,0.04976,125433
1778029200000,0.04976,0.05008,0.0497,0.05001,432474
1778030100000,0.05001,0.05028,0.05001,0.05004,328115
1778031000000,0.05004,0.05024,0.05004,0.05024,84315
1778031900000,0.05024,0.05055,0.05021,0.05047,68736
1778032800000,0.05047,0.05047,0.05014,0.05029,107759
1778033700000,0.05029,0.05029,0.05003,0.05003,112985
1778034600000,0.05003,0.05016,0.04995,0.05006,124673
1778035500000,0.05006,0.05037,0.05006,0.05037,33574
1778036400000,0.05037,0.05037,0.05011,0.05011,292303
1778037300000,0.05011,0.0504,0.05011,0.0504,20875
1778038200000,0.0504,0.05071,0.0504,0.05052,64452
1778039100000,0.05052,0.05056,0.0504,0.05045,20875
1778040000000,0.05045,0.05054,0.05041,0.05053,102261
1778040900000,0.05053,0.05053,0.05032,0.05032,57121
1778041800000,0.05032,0.05036,0.05019,0.05035,17796
1778042700000,0.05035,0.05035,0.05015,0.05015,535494
1778043600000,0.05015,0.05026,0.04999,0.04999,314839
1778044500000,0.04999,0.05034,0.04998,0.05022,716106
1778045400000,0.05022,0.05028,0.04988,0.05009,190579
1778046300000,0.05009,0.05025,0.05009,0.05024,132554
1778047200000,0.05024,0.05024,0.04999,0.05007,45571
1778048100000,0.05007,0.05016,0.04999,0.05016,26645
1778049000000,0.05016,0.05032,0.05016,0.05024,60672
1778049900000,0.05024,0.05049,0.05024,0.05046,271121
1778050800000,0.05046,0.05079,0.05043,0.05066,457872
1778051700000,0.05066,0.05098,0.05064,0.05084,1849345
1778052600000,0.05084,0.05088,0.05071,0.0508,223729
1778053500000,0.0508,0.0509,0.05078,0.05089,377032
1778054400000,0.05089,0.05118,0.05086,0.05113,926029
1778055300000,0.05113,0.05142,0.05113,0.05142,934593
1778056200000,0.05142,0.05156,0.05133,0.05155,480972
1778057100000,0.05155,0.05167,0.05149,0.05158,182507
1778058000000,0.05158,0.05295,0.05158,0.05255,1562061
1778058900000,0.05255,0.05283,0.05255,0.05269,425295
1778059800000,0.05269,0.05304,0.0525,0.05295,200805
1778060700000,0.05295,0.05302,0.05284,0.05302,325916
1778061600000,0.05302,0.05426,0.05299,0.05389,1299505
1778062500000,0.05389,0.05389,0.05357,0.05358,239481
1778063400000,0.05358,0.0539,0.05354,0.05386,75508
1778064300000,0.05386,0.05407,0.05381,0.05401,233420
1778065200000,0.05401,0.05401,0.05341,0.05354,1044792
1778066100000,0.05354,0.05374,0.0534,0.05352,294128
1778067000000,0.05352,0.0536,0.05327,0.05351,106586
1778067900000,0.05351,0.05377,0.05333,0.05347,124613
1778068800000,0.05347,0.05355,0.05302,0.05302,405743
1778069700000,0.05302,0.05337,0.053,0.05324,398004
1778070600000,0.05324,0.05324,0.05301,0.05316,69129
1778071500000,0.05316,0.05335,0.05316,0.05328,35026
1778072400000,0.05328,0.05328,0.05248,0.05265,775147
1778073300000,0.05265,0.05271,0.05229,0.0524,390266
1778074200000,0.0524,0.05258,0.05196,0.05229,439116
1778075100000,0.05229,0.05229,0.05169,0.05204,2153552
1778076000000,0.05204,0.05204,0.0513,0.05165,137488
1778076900000,0.05165,0.05204,0.05163,0.05195,161282
1778077800000,0.05195,0.05253,0.05185,0.05246,557278
1778078700000,0.05246,0.05246,0.0519,0.05206,672742
1778079600000,0.05206,0.05228,0.05187,0.05195,236134
1778080500000,0.05195,0.05233,0.05182,0.05182,316817
1778081400000,0.05182,0.05196,0.05156,0.0518,606772
1778082300000,0.0518,0.05211,0.0518,0.052,302854
1778083200000,0.052,0.0523,0.05192,0.05214,271810
1778084100000,0.05214,0.0522,0.05162,0.05168,484415
1778085000000,0.05168,0.05198,0.05159,0.05194,155828
1778085900000,0.05194,0.05214,0.05194,0.05203,50258
1778086800000,0.05203,0.05204,0.05188,0.05188,22414
1778087700000,0.05188,0.052,0.05168,0.052,115911
1778088600000,0.052,0.052,0.0517,0.05182,42076
1778089500000,0.05182,0.05182,0.05151,0.05157,190378
1778090400000,0.05157,0.05168,0.05134,0.05153,404535
1778091300000,0.05153,0.0517,0.05148,0.05149,165601
1778092200000,0.05149,0.05156,0.05121,0.05156,213909
1778093100000,0.05156,0.05167,0.0515,0.05161,9402
1778094000000,0.05161,0.0518,0.05161,0.05175,6891
1778094900000,0.05175,0.05175,0.05137,0.05145,64045
1778095800000,0.05145,0.05151,0.05139,0.05151,12961
1778096700000,0.05151,0.05169,0.05143,0.05169,33518
1778097600000,0.05169,0.05204,0.05164,0.05204,196530
1778098500000,0.05204,0.05207,0.05172,0.05188,119218
1778099400000,0.05188,0.05188,0.05145,0.05154,71732
1778100300000,0.05154,0.05169,0.05146,0.05169,9005
1778101200000,0.05169,0.05172,0.05142,0.05147,51840
1778102100000,0.05147,0.05168,0.05147,0.05168,3470
1778103000000,0.05168,0.05225,0.05168,0.05224,53149
1778103900000,0.05224,0.05236,0.05215,0.05236,41537
1778104800000,0.05236,0.05236,0.05189,0.05196,292702
1778105700000,0.05196,0.052,0.05161,0.05161,39281
1778106600000,0.05161,0.05181,0.05161,0.05179,54613
1778107500000,0.05179,0.05183,0.05158,0.05161,100248
1778108400000,0.05161,0.05161,0.05123,0.05142,211645
1778109300000,0.05142,0.0516,0.05142,0.05154,13223
1778110200000,0.05154,0.05174,0.05154,0.05174,74428
1778111100000,0.05174,0.05177,0.05174,0.05177,8065
1778112000000,0.05177,0.05177,0.05151,0.05154,223915
1778112900000,0.05154,0.05168,0.05128,0.05128,37549
1778113800000,0.05128,0.05128,0.0508,0.05097,1116876
1778114700000,0.05097,0.05104,0.05084,0.05095,222744
1778115600000,0.05095,0.05099,0.05055,0.05068,1297908
1778116500000,0.05068,0.05075,0.05031,0.05072,737398
1778117400000,0.05072,0.0509,0.05053,0.05066,119019
1778118300000,0.05066,0.05074,0.05044,0.0505,135605
1778119200000,0.0505,0.05053,0.05026,0.05026,352016
1778120100000,0.05026,0.05026,0.05022,0.05022,4195
1778121000000,0.05022,0.05041,0.05022,0.05031,472315
1778121900000,0.05031,0.05045,0.05029,0.05042,64281
1778122800000,0.05042,0.05059,0.05037,0.05056,107347
1778123700000,0.05056,0.05056,0.05022,0.05038,181681
1778124600000,0.05038,0.05038,0.05019,0.05021,106667
1778125500000,0.05021,0.05037,0.05008,0.05008,104725
1778126400000,0.05008,0.05036,0.05008,0.05036,130161
1778127300000,0.05036,0.05073,0.05034,0.05067,94716
1778128200000,0.05067,0.05081,0.05046,0.05058,126240
1778129100000,0.05058,0.0509,0.05053,0.05088,81390
1778130000000,0.05088,0.05116,0.05088,0.05104,585693
1778130900000,0.05104,0.05107,0.05096,0.05097,17078
1778131800000,0.05097,0.05137,0.05097,0.05135,139860
1778132700000,0.05135,0.05135,0.05116,0.05124,135168
1778133600000,0.05124,0.05124,0.05085,0.05086,256735
1778134500000,0.05086,0.05104,0.05086,0.05086,446144
1778135400000,0.05086,0.05152,0.05086,0.05152,15392
1778136300000,0.05152,0.05167,0.05137,0.05167,36263
1778137200000,0.05167,0.05217,0.05165,0.05217,578155
1778138100000,0.05217,0.05224,0.05191,0.05215,619132
1778139000000,0.05215,0.05244,0.05215,0.05235,317335
1778139900000,0.05235,0.05243,0.0522,0.0522,637935
1778140800000,0.0522,0.05249,0.05206,0.05237,603825
1778141700000,0.05237,0.0526,0.05234,0.05242,83272
1778142600000,0.05242,0.05273,0.05242,0.05269,493078
1778143500000,0.05269,0.05289,0.05267,0.05269,335045
1778144400000,0.05269,0.05287,0.05245,0.05276,136349
1778145300000,0.05276,0.05276,0.05251,0.05255,250512
1778146200000,0.05255,0.0526,0.0523,0.0523,127183
1778147100000,0.0523,0.05265,0.0523,0.05255,20329
1778148000000,0.05255,0.05295,0.05255,0.05274,13191
1778148900000,0.05274,0.05274,0.05228,0.05228,3003
1778149800000,0.05228,0.05331,0.05228,0.05331,62793
1778150700000,0.05331,0.05344,0.05311,0.05311,9383
1778151600000,0.05311,0.05343,0.05311,0.05324,163576
1778152500000,0.05324,0.05359,0.05323,0.05341,100024
1778153400000,0.05341,0.05378,0.05341,0.05369,69391
1778154300000,0.05369,0.05392,0.05327,0.05392,267967
1778155200000,0.05392,0.05438,0.05377,0.05438,634171
1778156100000,0.05438,0.05442,0.05394,0.05394,654025
1778157000000,0.05394,0.05408,0.05386,0.0539,420684
1778157900000,0.0539,0.05395,0.05351,0.0536,749176
1778158800000,0.0536,0.0536,0.05322,0.05329,588297
1778159700000,0.05329,0.05355,0.05329,0.05347,341400
1778160600000,0.05347,0.05348,0.05304,0.05321,140610
1778161500000,0.05321,0.05321,0.05274,0.05296,401854
1778162400000,0.05296,0.053,0.05266,0.05284,1086211
1778163300000,0.05284,0.05284,0.05245,0.05247,442277
1778164200000,0.05247,0.0525,0.05173,0.05202,656436
1778165100000,0.05202,0.0522,0.05195,0.05195,169450
1778166000000,0.05195,0.05197,0.05172,0.05186,82332
1778166900000,0.05186,0.05204,0.05126,0.05155,345183
1778167800000,0.05155,0.05217,0.05155,0.05196,498025
1778168700000,0.05196,0.05196,0.0516,0.0516,133606
1778169600000,0.0516,0.05171,0.05136,0.05149,80355
1778170500000,0.05149,0.05184,0.05143,0.0518,202187
1778171400000,0.0518,0.0519,0.05167,0.05175,622986
1778172300000,0.05175,0.052,0.05175,0.05178,106793
1778173200000,0.05178,0.05217,0.05173,0.05217,57677
1778174100000,0.05217,0.05254,0.05193,0.05223,243129
1778175000000,0.05223,0.05223,0.05193,0.052,328190
1778175900000,0.052,0.05217,0.05183,0.05217,197264
1778176800000,0.05217,0.05236,0.05217,0.05217,29270
1778177700000,0.05217,0.05225,0.052,0.05219,839316
1778178600000,0.05219,0.05237,0.0521,0.0521,181912
1778179500000,0.0521,0.05221,0.05185,0.05212,387152
1778180400000,0.05212,0.05212,0.05173,0.05188,10639
1778181300000,0.05188,0.05189,0.0516,0.05174,111301
1778182200000,0.05174,0.05215,0.05174,0.05204,325568
1778183100000,0.05204,0.05238,0.05202,0.05207,931427
1778184000000,0.05207,0.0525,0.05201,0.05241,285292
1778184900000,0.05241,0.05243,0.05221,0.05233,80953
1778185800000,0.05233,0.05242,0.0521,0.05225,397750
1778186700000,0.05225,0.05225,0.05207,0.05207,3896
1778187600000,0.05207,0.05215,0.0519,0.05214,68722
1778188500000,0.05214,0.05241,0.05201,0.0524,21661
1778189400000,0.0524,0.05259,0.0524,0.05259,6106
1778190300000,0.05259,0.05259,0.05233,0.05236,881
1778191200000,0.05236,0.05236,0.05186,0.05218,12147
1778192100000,0.05218,0.05239,0.05218,0.05223,26286
1778193000000,0.05223,0.05239,0.05211,0.05211,415860
1778193900000,0.05211,0.05229,0.05211,0.05229,6334
1778194800000,0.05229,0.05234,0.05226,0.05232,42430
1778195700000,0.05232,0.05251,0.05229,0.05245,9772
1778196600000,0.05245,0.05245,0.0523,0.05231,52133
1778197500000,0.05231,0.05245,0.0523,0.05233,70085
1778198400000,0.05233,0.05255,0.05229,0.05236,37662
1778199300000,0.05236,0.05244,0.05228,0.05234,68052
1778200200000,0.05234,0.05245,0.05228,0.05235,46885
1778201100000,0.05235,0.05249,0.0523,0.05249,4041
1778202000000,0.05249,0.05258,0.05208,0.05208,247059
1778202900000,0.05208,0.05243,0.05206,0.05234,71113
1778203800000,0.05234,0.05255,0.05234,0.05238,154441
1778204700000,0.05238,0.05238,0.05208,0.05211,73048
1778205600000,0.05211,0.05211,0.0517,0.05192,325696
1778206500000,0.05192,0.05202,0.05167,0.05201,86999
1778207400000,0.05201,0.0523,0.05201,0.05212,82535
1778208300000,0.05212,0.05254,0.05212,0.05232,128110
1778209200000,0.05232,0.05249,0.05204,0.05249,207678
1778210100000,0.05249,0.05285,0.05249,0.05285,53200
1778211000000,0.05285,0.0531,0.05285,0.0531,303117
1778211900000,0.0531,0.05334,0.0531,0.05313,73385
1778212800000,0.05313,0.05346,0.0531,0.05335,1191496
1778213700000,0.05335,0.05346,0.05318,0.0534,158303
1778214600000,0.0534,0.05352,0.05295,0.05298,124219
1778215500000,0.05298,0.05319,0.05298,0.05312,211702
1778216400000,0.05312,0.05329,0.05294,0.05321,454922
1778217300000,0.05321,0.05335,0.05306,0.05308,9465
1778218200000,0.05308,0.05333,0.05308,0.05333,95288
1778219100000,0.05333,0.05343,0.05321,0.05321,173155
1778220000000,0.05321,0.05321,0.05278,0.05301,1032982
1778220900000,0.05301,0.05324,0.05285,0.05285,27144
1778221800000,0.05285,0.0531,0.05279,0.0531,412414
1778222700000,0.0531,0.0532,0.05285,0.0532,45818
1778223600000,0.0532,0.0532,0.05292,0.05303,141274
1778224500000,0.05303,0.05322,0.05299,0.05313,799992
1778225400000,0.05313,0.05346,0.05313,0.05323,318175
1778226300000,0.05323,0.05342,0.05322,0.05339,55842
1778227200000,0.05339,0.0536,0.05332,0.05357,132971
1778228100000,0.05357,0.05364,0.05342,0.0536,116879
1778229000000,0.0536,0.05441,0.05357,0.05441,1219321
1778229900000,0.05441,0.05462,0.05438,0.05447,806163
1778230800000,0.05447,0.05502,0.05428,0.05499,198471
1778231700000,0.05499,0.05543,0.05491,0.0552,381803
1778232600000,0.0552,0.05524,0.05466,0.05466,685135
1778233500000,0.05466,0.05471,0.05417,0.05433,810171
1778234400000,0.05433,0.05481,0.05433,0.05458,269919
1778235300000,0.05458,0.05486,0.05452,0.05479,346092
1778236200000,0.05479,0.05545,0.05479,0.05543,116163
1778237100000,0.05543,0.05552,0.0551,0.05511,260629
1778238000000,0.05511,0.05531,0.0549,0.05491,550479
1778238900000,0.05491,0.05514,0.05488,0.05506,49758
1778239800000,0.05506,0.05529,0.05492,0.05522,597359
1778240700000,0.05522,0.05544,0.0551,0.05513,172207
1778241600000,0.05513,0.05522,0.05491,0.05498,377757
1778242500000,0.05498,0.05509,0.05488,0.05499,371660
1778243400000,0.05499,0.05502,0.05444,0.05457,160791
1778244300000,0.05457,0.05457,0.0541,0.05425,359844
1778245200000,0.05425,0.05449,0.05391,0.05392,120629
1778246100000,0.05392,0.05426,0.05392,0.05416,106877
1778247000000,0.05416,0.05422,0.05382,0.05396,304290
1778247900000,0.05396,0.05405,0.05382,0.05394,446497
1778248800000,0.05394,0.05414,0.05387,0.05401,293540
1778249700000,0.05401,0.05464,0.05401,0.0544,145066
1778250600000,0.0544,0.05497,0.05421,0.05494,783320
1778251500000,0.05494,0.05502,0.05457,0.05471,351548
1778252400000,0.05471,0.05478,0.0545,0.05462,85068
1778253300000,0.05462,0.05469,0.05427,0.05446,30752
1778254200000,0.05446,0.0551,0.05444,0.0551,15610
1778255100000,0.0551,0.0551,0.05471,0.0549,1132781
1778256000000,0.0549,0.05497,0.05464,0.05492,102447
1778256900000,0.05492,0.05515,0.05489,0.05495,305569
1778257800000,0.05495,0.05495,0.05467,0.05492,179737
1778258700000,0.05492,0.0551,0.05481,0.05508,70908
1778259600000,0.05508,0.0555,0.05508,0.05523,88768
1778260500000,0.05523,0.05622,0.05523,0.0562,1062112
1778261400000,0.0562,0.05736,0.0562,0.05717,1546464
1778262300000,0.05717,0.05768,0.05683,0.05752,1710018
1778263200000,0.05752,0.05875,0.0574,0.05853,1642392
1778264100000,0.05853,0.05969,0.0583,0.05968,1087665
1778265000000,0.05968,0.06016,0.05931,0.05937,1882784
1778265900000,0.05937,0.05972,0.05831,0.05833,2304786
1778266800000,0.05833,0.05833,0.05751,0.05785,1094539
1778267700000,0.05785,0.05807,0.05756,0.05762,828276
1778268600000,0.05762,0.05807,0.05711,0.05785,1976807
1778269500000,0.05785,0.05857,0.05771,0.05838,494496
1778270400000,0.05838,0.05866,0.05794,0.05816,575426
1778271300000,0.05816,0.05873,0.05801,0.0582,401952
1778272200000,0.0582,0.05833,0.05722,0.05756,985809
1778273100000,0.05756,0.05756,0.05703,0.05734,420595
1778274000000,0.05734,0.0574,0.05691,0.057,571582
1778274900000,0.057,0.05749,0.05676,0.05745,284767
1778275800000,0.05745,0.05774,0.05742,0.05773,277787
1778276700000,0.05773,0.05809,0.0576,0.05808,304511
1778277600000,0.05808,0.05926,0.05804,0.05916,657063
1778278500000,0.05916,0.05916,0.05868,0.05897,387505
1778279400000,0.05897,0.05998,0.05897,0.05966,793988
1778280300000,0.05966,0.0602,0.05958,0.06007,463816
1778281200000,0.06007,0.06007,0.05943,0.05952,484772
1778282100000,0.05952,0.05971,0.05927,0.05935,447186
1778283000000,0.05935,0.0595,0.05887,0.05918,177985
1778283900000,0.05918,0.05983,0.05918,0.05982,120426
1778284800000,0.05982,0.06022,0.05931,0.05965,355248
1778285700000,0.05965,0.06031,0.05963,0.05963,49664
1778286600000,0.05963,0.06003,0.05963,0.05993,579683
1778287500000,0.05993,0.05995,0.05924,0.05926,377588
1778288400000,0.05926,0.05956,0.05918,0.05943,151448
1778289300000,0.05943,0.0603,0.05932,0.05996,2486294
1778290200000,0.05996,0.06136,0.05989,0.06103,2342391
1778291100000,0.06103,0.06234,0.061,0.06134,4329937
1778292000000,0.06134,0.06163,0.06071,0.06143,2171705
1778292900000,0.06143,0.06181,0.06128,0.06172,1597060
1778293800000,0.06172,0.062,0.06117,0.06152,1743891
1778294700000,0.06152,0.06152,0.06063,0.06102,1329307
1778295600000,0.06102,0.06104,0.06067,0.06098,458107
1778296500000,0.06098,0.06123,0.06061,0.06064,932688
1778297400000,0.06064,0.06215,0.06033,0.06183,3594279
1778298300000,0.06183,0.062,0.06134,0.06134,1666187
1778299200000,0.06134,0.06202,0.0613,0.06145,842309
1778300100000,0.06145,0.06182,0.06132,0.06154,1879258
1778301000000,0.06154,0.06235,0.06154,0.06216,626163
1778301900000,0.06216,0.06277,0.06201,0.06264,1111454
1778302800000,0.06264,0.0628,0.06132,0.06138,1570225
1778303700000,0.06138,0.06168,0.06127,0.06144,543953
1778304600000,0.06144,0.06154,0.06083,0.06145,1080987
1778305500000,0.06145,0.06239,0.06084,0.06233,2420468
1778306400000,0.06233,0.06295,0.06229,0.06253,838678
1778307300000,0.06253,0.0626,0.06185,0.06244,903392
1778308200000,0.06244,0.06253,0.06084,0.06116,2634967
1778309100000,0.06116,0.06116,0.06038,0.06094,619611
1778310000000,0.06094,0.06094,0.0604,0.06057,1133433
1778310900000,0.06057,0.0607,0.06029,0.06044,1203156
1778311800000,0.06044,0.06115,0.06028,0.06114,1332502
1778312700000,0.06114,0.06144,0.06085,0.06131,1294117
1778313600000,0.06131,0.06216,0.06129,0.06179,1729259
1778314500000,0.06179,0.06217,0.06066,0.06071,1886559
1778315400000,0.06071,0.06081,0.06011,0.06057,361705
1778316300000,0.06057,0.0614,0.06055,0.06103,1320429
1778317200000,0.06103,0.06104,0.06049,0.06055,707837
1778318100000,0.06055,0.06055,0.05952,0.05992,1383333
1778319000000,0.05992,0.06001,0.05976,0.0598,416469
1778319900000,0.0598,0.05999,0.05938,0.0597,1296437
1778320800000,0.0597,0.05984,0.05939,0.0595,791234
1778321700000,0.0595,0.05954,0.05912,0.05939,689691
1778322600000,0.05939,0.05956,0.05928,0.05939,298170
1778323500000,0.05939,0.05945,0.05918,0.05936,798241
1778324400000,0.05936,0.0598,0.0593,0.05962,969350
1778325300000,0.05962,0.05967,0.05945,0.05945,254084
1778326200000,0.05945,0.05966,0.0594,0.0594,224204
1778327100000,0.0594,0.05946,0.05919,0.05919,487958
1778328000000,0.05919,0.05919,0.05756,0.05799,4282384
1778328900000,0.05799,0.05811,0.05792,0.05802,273272
1778329800000,0.05802,0.0581,0.05778,0.0579,649705
1778330700000,0.0579,0.05798,0.05781,0.05791,164084
1778331600000,0.05791,0.05791,0.0576,0.05769,290310
1778332500000,0.05769,0.0577,0.0573,0.05754,518778
1778333400000,0.05754,0.05754,0.0572,0.05744,85781
1778334300000,0.05744,0.05777,0.05741,0.05768,126213
1778335200000,0.05768,0.05768,0.05733,0.05739,571091
1778336100000,0.05739,0.05739,0.05708,0.05719,96548
1778337000000,0.05719,0.05719,0.05696,0.05718,97397
1778337900000,0.05718,0.05752,0.05718,0.05738,67821
1778338800000,0.05738,0.05784,0.0571,0.05764,1445068
1778339700000,0.05764,0.05771,0.05752,0.05769,385443
1778340600000,0.05769,0.05769,0.05742,0.05742,110944
1778341500000,0.05742,0.05763,0.05741,0.05763,238355
1778342400000,0.05763,0.05777,0.05739,0.05777,111827
1778343300000,0.05777,0.05812,0.05777,0.0579,310372
1778344200000,0.0579,0.0581,0.05789,0.05802,368485
1778345100000,0.05802,0.05825,0.05786,0.05819,1196772
1778346000000,0.05819,0.05871,0.05818,0.05848,1152868
1778346900000,0.05848,0.05887,0.05848,0.05885,382513
1778347800000,0.05885,0.05898,0.05874,0.05877,139522
1778348700000,0.05877,0.05905,0.05866,0.05905,1535570
1778349600000,0.05905,0.05935,0.05905,0.05935,64224
1778350500000,0.05935,0.05936,0.05901,0.05929,283110
1778351400000,0.05929,0.05929,0.0587,0.05882,439471
1778352300000,0.05882,0.05882,0.05866,0.05875,56078
1778353200000,0.05875,0.05905,0.05875,0.05905,146148
1778354100000,0.05905,0.05914,0.05873,0.05887,718561
1778355000000,0.05887,0.05925,0.05887,0.05909,98951
1778355900000,0.05909,0.05926,0.05899,0.05925,92883
1778356800000,0.05925,0.05929,0.05905,0.05905,573616
1778357700000,0.05905,0.05911,0.05878,0.05889,352723
1778358600000,0.05889,0.05889,0.05865,0.05881,561326
1778359500000,0.05881,0.05881,0.05872,0.05875,55908
1778360400000,0.05875,0.05875,0.05857,0.05866,230498
1778361300000,0.05866,0.05866,0.05849,0.05849,44300
1778362200000,0.05849,0.05849,0.05836,0.05836,80
1778363100000,0.05836,0.05854,0.05835,0.05854,35068
1778364000000,0.05854,0.05854,0.0585,0.05852,2116
1778364900000,0.05852,0.05895,0.05852,0.05895,216192
1778365800000,0.05895,0.05912,0.05871,0.05912,245081
1778366700000,0.05912,0.05914,0.05887,0.05888,101209
1778367600000,0.05888,0.05889,0.05856,0.05857,151922
1778368500000,0.05857,0.05857,0.05849,0.05854,91554
1778369400000,0.05854,0.05858,0.0584,0.0585,96937
1778370300000,0.0585,0.05862,0.05841,0.05841,25728
1778371200000,0.05841,0.05841,0.05796,0.0582,427600
1778372100000,0.0582,0.05838,0.0582,0.05838,10290
1778373000000,0.05838,0.05846,0.05821,0.05838,379134
1778373900000,0.05838,0.05838,0.05805,0.05805,34502
1778374800000,0.05805,0.0581,0.05788,0.05788,82143
1778375700000,0.05788,0.05821,0.05782,0.05789,127391
1778376600000,0.05789,0.05794,0.05774,0.05774,16135
1778377500000,0.05774,0.05782,0.05766,0.05782,11818
1778378400000,0.05782,0.05811,0.05782,0.05811,5633
1778379300000,0.05811,0.05833,0.058,0.05832,452211
1778380200000,0.05832,0.05839,0.0582,0.05831,174931
1778381100000,0.05831,0.05831,0.05778,0.05785,1073117
1778382000000,0.05785,0.058,0.05785,0.05799,194612
1778382900000,0.05799,0.05799,0.05784,0.05791,56897
1778383800000,0.05791,0.05793,0.05755,0.05785,468007
1778384700000,0.05785,0.05786,0.05729,0.05736,452570
1778385600000,0.05736,0.05743,0.05724,0.05733,390085
1778386500000,0.05733,0.05771,0.05731,0.05769,1262199
1778387400000,0.05769,0.05781,0.05759,0.05759,27010
1778388300000,0.05759,0.05766,0.05759,0.05766,1062
1778389200000,0.05766,0.05766,0.05747,0.05754,99636
1778390100000,0.05754,0.05785,0.05754,0.05777,49564
1778391000000,0.05777,0.05813,0.05777,0.05807,598600
1778391900000,0.05807,0.05822,0.05795,0.05812,223597
1778392800000,0.05812,0.05826,0.058,0.058,302699
1778393700000,0.058,0.05806,0.05793,0.05794,63296
1778394600000,0.05794,0.05816,0.05794,0.05802,413597
1778395500000,0.05802,0.05812,0.05785,0.05812,27010
1778396400000,0.05812,0.05832,0.05806,0.05817,111243
1778397300000,0.05817,0.05897,0.05817,0.05837,824462
1778398200000,0.05837,0.05912,0.05833,0.05902,388451
1778399100000,0.05902,0.05914,0.05866,0.0587,214156
1778400000000,0.0587,0.05938,0.05849,0.05908,587934
1778400900000,0.05908,0.05916,0.05886,0.05902,685029
1778401800000,0.05902,0.05917,0.05898,0.0591,542014
1778402700000,0.0591,0.06016,0.0591,0.05991,2477758
1778403600000,0.05991,0.06024,0.05966,0.05988,1452244
1778404500000,0.05988,0.06023,0.05988,0.06016,375645
1778405400000,0.06016,0.06085,0.06014,0.06062,1675971
1778406300000,0.06062,0.06105,0.06046,0.06085,768526
1778407200000,0.06085,0.06131,0.06035,0.06102,1149494
1778408100000,0.06102,0.06177,0.06098,0.06138,1059457
1778409000000,0.06138,0.06156,0.06114,0.06125,784651
1778409900000,0.06125,0.0618,0.06098,0.06163,897416
1778410800000,0.06163,0.0617,0.06047,0.06056,1366031
1778411700000,0.06056,0.0611,0.06005,0.0607,1008921
1778412600000,0.0607,0.06098,0.06013,0.06013,646483
1778413500000,0.06013,0.06024,0.05981,0.05998,581105
1778414400000,0.05998,0.06004,0.05946,0.05977,646253
1778415300000,0.05977,0.05987,0.05942,0.05954,683091
1778416200000,0.05954,0.05965,0.05925,0.05943,625413
1778417100000,0.05943,0.05978,0.05941,0.05959,208578
1778418000000,0.05959,0.05991,0.05947,0.05991,310418
1778418900000,0.05991,0.05996,0.05929,0.05929,763708
1778419800000,0.05929,0.05955,0.05919,0.05919,894492
1778420700000,0.05919,0.05948,0.05917,0.05948,240476
1778421600000,0.05948,0.05984,0.05934,0.05967,212381
1778422500000,0.05967,0.05967,0.05906,0.05914,192364
1778423400000,0.05914,0.05948,0.05914,0.05916,373150
1778424300000,0.05916,0.05931,0.05908,0.05917,489836
1778425200000,0.05917,0.05954,0.05917,0.05948,871036
1778426100000,0.05948,0.05958,0.05923,0.05935,540653
1778427000000,0.05935,0.05943,0.05902,0.0592,592827
1778427900000,0.0592,0.05956,0.0592,0.05956,192594
1778428800000,0.05956,0.05976,0.05947,0.05969,315107
1778429700000,0.05969,0.05991,0.05937,0.0598,379333
1778430600000,0.0598,0.06005,0.05973,0.05996,716198
1778431500000,0.05996,0.05996,0.05964,0.05979,792512
1778432400000,0.05979,0.05979,0.05949,0.05979,769205
1778433300000,0.05979,0.06022,0.05964,0.0602,631791
1778434200000,0.0602,0.06025,0.06006,0.06017,240608
1778435100000,0.06017,0.06054,0.06005,0.06041,136134
1778436000000,0.06041,0.06046,0.0603,0.06041,384776
1778436900000,0.06041,0.06108,0.06041,0.06079,997265
1778437800000,0.06079,0.06087,0.06037,0.06048,1052893
1778438700000,0.06048,0.0606,0.06046,0.0606,15880
1778439600000,0.0606,0.06071,0.06025,0.06065,186858
1778440500000,0.06065,0.06099,0.06065,0.06092,116769
1778441400000,0.06092,0.06092,0.06066,0.06073,395851
1778442300000,0.06073,0.06078,0.06034,0.06043,176077
1778443200000,0.06043,0.06082,0.06025,0.06035,1247701
1778444100000,0.06035,0.06035,0.05978,0.05994,624390
1778445000000,0.05994,0.05994,0.05893,0.05893,464883
1778445900000,0.05893,0.05893,0.05784,0.05837,554554
1778446800000,0.05837,0.05873,0.05798,0.05816,433787
1778447700000,0.05816,0.05849,0.05816,0.05845,94847
1778448600000,0.05845,0.05857,0.05838,0.05838,2927
1778449500000,0.05838,0.05866,0.05836,0.05838,126376
1778450400000,0.05838,0.05898,0.05838,0.05895,65305
1778451300000,0.05895,0.05939,0.05884,0.05915,721244
1778452200000,0.05915,0.05956,0.05911,0.05933,332067
1778453100000,0.05933,0.05947,0.05931,0.05946,134859
1778454000000,0.05946,0.0596,0.05937,0.05942,92293
1778454900000,0.05942,0.05944,0.05921,0.05935,62633
1778455800000,0.05935,0.05959,0.05934,0.05958,76925
1778456700000,0.05958,0.05958,0.05919,0.05919,12285
1778457600000,0.05919,0.05958,0.05915,0.0592,514569
1778458500000,0.0592,0.05925,0.05884,0.05925,150451
1778459400000,0.05925,0.05959,0.05884,0.05899,421448
1778460300000,0.05899,0.05902,0.05837,0.05873,177765
1778461200000,0.05873,0.05898,0.05871,0.05898,25777
1778462100000,0.05898,0.05918,0.05896,0.05901,53396
1778463000000,0.05901,0.05936,0.05887,0.05925,261386
1778463900000,0.05925,0.05925,0.05899,0.05913,18759
1778464800000,0.05913,0.05934,0.05885,0.05885,58378
1778465700000,0.05885,0.05885,0.05811,0.05818,833184
1778466600000,0.05818,0.05828,0.05775,0.05819,1629295
1778467500000,0.05819,0.05833,0.05819,0.0583,94688
1778468400000,0.0583,0.0583,0.0578,0.0578,198830
1778469300000,0.0578,0.05788,0.05771,0.0578,219782
1778470200000,0.0578,0.0578,0.05728,0.05766,994260
1778471100000,0.05766,0.05792,0.0576,0.05773,506896
1778472000000,0.05773,0.05773,0.05732,0.05745,196078
1778472900000,0.05745,0.05759,0.05743,0.05757,54682
1778473800000,0.05757,0.05774,0.05757,0.05769,4903
1778474700000,0.05769,0.05769,0.05756,0.05762,39828
1778475600000,0.05762,0.05782,0.05762,0.05772,165578
1778476500000,0.05772,0.05808,0.05765,0.05808,342948
1778477400000,0.05808,0.05818,0.05793,0.05796,250421
1778478300000,0.05796,0.05805,0.0579,0.05792,17582
1778479200000,0.05792,0.05793,0.05777,0.05788,98083
1778480100000,0.05788,0.05792,0.05778,0.05792,107749
1778481000000,0.05792,0.05794,0.05761,0.05761,73012
1778481900000,0.05761,0.05776,0.05761,0.05771,90062
1778482800000,0.05771,0.05773,0.05747,0.05773,116707
1778483700000,0.05773,0.05788,0.05761,0.05776,125113
1778484600000,0.05776,0.05795,0.05773,0.05788,169689
1778485500000,0.05788,0.05804,0.05763,0.05775,173148
1778486400000,0.05775,0.05775,0.0575,0.05752,500827
1778487300000,0.05752,0.05762,0.05724,0.05726,622238
1778488200000,0.05726,0.05761,0.05726,0.05761,107896
1778489100000,0.05761,0.05778,0.05759,0.05761,143516
1778490000000,0.05761,0.05803,0.05761,0.05801,160215
1778490900000,0.05801,0.05801,0.05776,0.05777,163873
1778491800000,0.05777,0.05794,0.05775,0.05794,55087
1778492700000,0.05794,0.05807,0.05794,0.05801,25825
1778493600000,0.05801,0.05802,0.05776,0.05795,134921
1778494500000,0.05795,0.05837,0.05795,0.05816,239043
1778495400000,0.05816,0.05822,0.05807,0.05809,11474
1778496300000,0.05809,0.05809,0.05765,0.05766,688413
1778497200000,0.05766,0.05786,0.05762,0.05762,84744
1778498100000,0.05762,0.05784,0.05762,0.05784,59087
1778499000000,0.05784,0.05822,0.05784,0.05802,72108
1778499900000,0.05802,0.05802,0.0577,0.05779,387555
1778500800000,0.05779,0.05793,0.05746,0.05759,275318
1778501700000,0.05759,0.05782,0.05755,0.05778,202058
1778502600000,0.05778,0.05795,0.05778,0.05779,149935
1778503500000,0.05779,0.05784,0.05759,0.05772,87738
1778504400000,0.05772,0.05784,0.05763,0.05778,74953
1778505300000,0.05778,0.05796,0.05769,0.05796,85086
1778506200000,0.05796,0.05798,0.05744,0.05779,145107
1778507100000,0.05779,0.05783,0.05761,0.05768,26170
1778508000000,0.05768,0.05833,0.05768,0.05812,160448
1778508900000,0.05812,0.05812,0.05761,0.05761,41097
1778509800000,0.05761,0.05761,0.05732,0.05749,61289
1778510700000,0.05749,0.05766,0.05728,0.05766,28974
1778511600000,0.05766,0.05771,0.05736,0.05771,134640
1778512500000,0.05771,0.05819,0.05762,0.05819,120515
1778513400000,0.05819,0.05819,0.05797,0.05802,289849
1778514300000,0.05802,0.05836,0.05802,0.05836,68702
1778515200000,0.05836,0.05876,0.05827,0.05869,268748
1778516100000,0.05869,0.05872,0.05826,0.05826,103003
1778517000000,0.05826,0.05843,0.05797,0.05799,13959
1778517900000,0.05799,0.05831,0.05797,0.05831,234462
1778518800000,0.05831,0.05839,0.05819,0.05839,12236
1778519700000,0.05839,0.0585,0.05839,0.05848,15646
1778520600000,0.05848,0.05872,0.05848,0.05872,22069
1778521500000,0.05872,0.05899,0.0587,0.05894,183063
1778522400000,0.05894,0.05894,0.05875,0.05888,402029
1778523300000,0.05888,0.05888,0.05861,0.05874,172391
1778524200000,0.05874,0.05875,0.05864,0.05865,6962
1778525100000,0.05865,0.05885,0.05857,0.05859,49152
1778526000000,0.05859,0.05871,0.05854,0.05866,32166
1778526900000,0.05866,0.05878,0.05842,0.05875,269685
1778527800000,0.05875,0.05919,0.05875,0.05915,336224
1778528700000,0.05915,0.05915,0.05876,0.05876,224742
1778529600000,0.05876,0.05913,0.05876,0.05893,231505
1778530500000,0.05893,0.05894,0.05866,0.05867,22894
1778531400000,0.05867,0.05882,0.05865,0.05879,24791
1778532300000,0.05879,0.05893,0.05879,0.05892,170302
1778533200000,0.05892,0.05902,0.05877,0.05877,90480
1778534100000,0.05877,0.05888,0.05869,0.05875,9779
1778535000000,0.05875,0.05875,0.05866,0.05866,40
1778535900000,0.05866,0.05866,0.05866,0.05866,0
1778536800000,0.05866,0.05932,0.05866,0.05932,202754
1778537700000,0.05932,0.05935,0.05894,0.05894,39074
1778538600000,0.05894,0.05897,0.05886,0.05891,25800
1778539500000,0.05891,0.05891,0.05865,0.05883,286643
1778540400000,0.05883,0.05883,0.05846,0.05846,88633
1778541300000,0.05846,0.05846,0.05836,0.05836,4173
1778542200000,0.05836,0.05856,0.05836,0.05851,57535
1778543100000,0.05851,0.05851,0.05816,0.05819,47918
1778544000000,0.05819,0.05825,0.05792,0.05817,464057
1778544900000,0.05817,0.05817,0.05795,0.05806,54422
1778545800000,0.05806,0.05826,0.05806,0.05811,251655
1778546700000,0.05811,0.05833,0.05802,0.05833,95128
1778547600000,0.05833,0.05833,0.05776,0.05779,593557
1778548500000,0.05779,0.05783,0.05756,0.05767,143304
1778549400000,0.05767,0.05767,0.0563,0.05676,1672241
1778550300000,0.05676,0.05693,0.05676,0.05678,308490
1778551200000,0.05678,0.05723,0.05678,0.0572,852298
1778552100000,0.0572,0.0572,0.05665,0.0569,121686
1778553000000,0.0569,0.0569,0.05656,0.05656,122988
1778553900000,0.05656,0.05679,0.05654,0.05674,12412
1778554800000,0.05674,0.05684,0.05657,0.05661,300957
1778555700000,0.05661,0.0567,0.0564,0.05646,44595
1778556600000,0.05646,0.05653,0.05641,0.05641,63721
1778557500000,0.05641,0.05641,0.05607,0.05615,715914
1778558400000,0.05615,0.05619,0.0554,0.05576,1953543
1778559300000,0.05576,0.05627,0.05576,0.05626,125807
1778560200000,0.05626,0.0565,0.05622,0.0565,73518
1778561100000,0.0565,0.05659,0.05649,0.05652,62117
1778562000000,0.05652,0.05675,0.05652,0.0566,223372
1778562900000,0.0566,0.05661,0.0564,0.0565,279879
1778563800000,0.0565,0.05681,0.0565,0.05681,112037
1778564700000,0.05681,0.05686,0.05677,0.05678,10490
1778565600000,0.05678,0.05683,0.05666,0.05682,264082
1778566500000,0.05682,0.05694,0.05682,0.05684,269761
1778567400000,0.05684,0.05685,0.05673,0.05674,58481
1778568300000,0.05674,0.05682,0.05668,0.05668,142284
1778569200000,0.05668,0.05687,0.05635,0.05682,265512
1778570100000,0.05682,0.05713,0.05668,0.05699,813337
1778571000000,0.05699,0.05709,0.05693,0.05693,23346
1778571900000,0.05693,0.05693,0.05664,0.05692,156244
1778572800000,0.05692,0.05692,0.05646,0.05646,66366
1778573700000,0.05646,0.05693,0.05624,0.05682,897666
1778574600000,0.05682,0.05717,0.05682,0.05702,94018
1778575500000,0.05702,0.05702,0.05671,0.05671,319218
1778576400000,0.05671,0.05671,0.05646,0.05661,12590
1778577300000,0.05661,0.05661,0.05634,0.05634,74221
1778578200000,0.05634,0.05676,0.05632,0.05676,147911
1778579100000,0.05676,0.05676,0.05652,0.05653,472176
1778580000000,0.05653,0.05653,0.0564,0.05645,53549
1778580900000,0.05645,0.05645,0.05619,0.05631,460360
1778581800000,0.05631,0.05636,0.05602,0.05604,560024
1778582700000,0.05604,0.05634,0.05601,0.0563,163819
1778583600000,0.0563,0.0563,0.0559,0.05601,78419
1778584500000,0.05601,0.05601,0.05568,0.05586,70261
1778585400000,0.05586,0.05606,0.05586,0.05606,48572
1778586300000,0.05606,0.05607,0.05603,0.05606,45627
1778587200000,0.05606,0.05617,0.05599,0.05613,36866
1778588100000,0.05613,0.05613,0.05579,0.05579,134108
1778589000000,0.05579,0.05606,0.05546,0.05591,539976
1778589900000,0.05591,0.05594,0.05584,0.05585,86855
1778590800000,0.05585,0.05609,0.05564,0.05564,929936
1778591700000,0.05564,0.05565,0.05549,0.05564,93734
1778592600000,0.05564,0.05577,0.05549,0.05564,77867
1778593500000,0.05564,0.05573,0.05515,0.05515,1065444
1778594400000,0.05515,0.0554,0.05502,0.0554,220689
1778595300000,0.0554,0.0554,0.0548,0.05488,147008
1778596200000,0.05488,0.055,0.05434,0.05493,808580
1778597100000,0.05493,0.05494,0.05443,0.05467,118055
1778598000000,0.05467,0.05493,0.05458,0.05485,148314
1778598900000,0.05485,0.05485,0.05413,0.05418,177031
1778599800000,0.05418,0.0545,0.05418,0.05428,219186
1778600700000,0.05428,0.05437,0.05396,0.05426,1116920
1778601600000,0.05426,0.05445,0.05407,0.05434,184151
1778602500000,0.05434,0.05446,0.05426,0.05435,289854
1778603400000,0.05435,0.05435,0.05395,0.05411,138298
1778604300000,0.05411,0.05411,0.05351,0.05376,1125872
1778605200000,0.05376,0.05414,0.05375,0.05411,377866
1778606100000,0.05411,0.05442,0.05411,0.05435,867584
1778607000000,0.05435,0.0545,0.05434,0.05444,34964
1778607900000,0.05444,0.05454,0.05439,0.05444,168806
1778608800000,0.05444,0.05447,0.05434,0.05434,32920
1778609700000,0.05434,0.05443,0.05434,0.05443,1310
1778610600000,0.05443,0.05443,0.05434,0.05434,9075
1778611500000,0.05434,0.05447,0.05424,0.05424,4077
1778612400000,0.05424,0.05462,0.05424,0.05458,44603
1778613300000,0.05458,0.05458,0.05436,0.05439,272000
1778614200000,0.05439,0.05461,0.05439,0.05456,83303
1778615100000,0.05456,0.05469,0.05447,0.05447,77312
1778616000000,0.05447,0.05449,0.05414,0.05425,75118
1778616900000,0.05425,0.05432,0.05425,0.05429,10524
1778617800000,0.05429,0.05429,0.0541,0.0541,100812
1778618700000,0.0541,0.05419,0.05409,0.05419,151224
1778619600000,0.05419,0.0543,0.05416,0.05417,273075
1778620500000,0.05417,0.0542,0.054,0.0542,74462
1778621400000,0.0542,0.05432,0.0542,0.05431,59474
1778622300000,0.05431,0.0544,0.05431,0.0544,22095
1778623200000,0.0544,0.0546,0.0544,0.05443,265399
1778624100000,0.05443,0.05448,0.05439,0.0544,125852
1778625000000,0.0544,0.0544,0.05419,0.05432,161813
1778625900000,0.05432,0.05432,0.05426,0.05429,3740
1778626800000,0.05429,0.05438,0.05424,0.05424,163474
1778627700000,0.05424,0.0543,0.05421,0.05428,49757
1778628600000,0.05428,0.05429,0.05398,0.05401,308970
1778629500000,0.05401,0.05413,0.054,0.05413,10512
1778630400000,0.05413,0.05442,0.05407,0.05442,484178
1778631300000,0.05442,0.05462,0.05441,0.05443,180378
1778632200000,0.05443,0.05482,0.05443,0.05471,388545
1778633100000,0.05471,0.05472,0.05455,0.05467,91822
1778634000000,0.05467,0.05519,0.05467,0.05516,1603968
1778634900000,0.05516,0.05547,0.05514,0.05539,271890
1778635800000,0.05539,0.0557,0.05539,0.05562,285162
1778636700000,0.05562,0.05564,0.05536,0.05536,533475
1778637600000,0.05536,0.0556,0.05525,0.05554,527590
1778638500000,0.05554,0.05571,0.05544,0.05555,472340
1778639400000,0.05555,0.05562,0.05541,0.05559,147726
1778640300000,0.05559,0.05576,0.05553,0.05558,714265
1778641200000,0.05558,0.05584,0.05556,0.05568,156022
1778642100000,0.05568,0.05649,0.05564,0.05639,2062440
1778643000000,0.05639,0.05654,0.05626,0.05632,1155464
1778643900000,0.05632,0.05632,0.05604,0.05629,341003
1778644800000,0.05629,0.05639,0.05612,0.05633,314748
1778645700000,0.05633,0.05634,0.05587,0.05606,1763700
1778646600000,0.05606,0.05616,0.05594,0.05611,440188
1778647500000,0.05611,0.05611,0.0558,0.0558,102149
1778648400000,0.0558,0.0558,0.05566,0.0557,221167
1778649300000,0.0557,0.0557,0.05537,0.05547,94852
1778650200000,0.05547,0.05548,0.05516,0.0552,211781
1778651100000,0.0552,0.05544,0.05516,0.05544,101753
1778652000000,0.05544,0.05557,0.05533,0.05557,334410
1778652900000,0.05557,0.05566,0.05557,0.05563,223271
1778653800000,0.05563,0.0557,0.05547,0.05549,275983
1778654700000,0.05549,0.05552,0.05539,0.05548,110286
1778655600000,0.05548,0.05572,0.05537,0.05568,1009095
1778656500000,0.05568,0.05568,0.05538,0.05541,52879
1778657400000,0.05541,0.05551,0.05538,0.05551,113065
1778658300000,0.05551,0.05551,0.05548,0.05551,8779
1778659200000,0.05551,0.05554,0.05545,0.05553,39306
1778660100000,0.05553,0.05557,0.05544,0.05551,48937
1778661000000,0.05551,0.05594,0.05551,0.0559,42912
1778661900000,0.0559,0.05602,0.05582,0.05591,139963
1778662800000,0.05591,0.05604,0.05578,0.05604,147831
1778663700000,0.05604,0.05621,0.05604,0.05609,163398
1778664600000,0.05609,0.05627,0.05609,0.05615,106151
1778665500000,0.05615,0.05637,0.05611,0.05627,427333
1778666400000,0.05627,0.05627,0.05568,0.05568,494730
1778667300000,0.05568,0.05571,0.05549,0.05554,412944
1778668200000,0.05554,0.05564,0.05527,0.05527,169552
1778669100000,0.05527,0.05535,0.05525,0.05533,114429
1778670000000,0.05533,0.05533,0.0548,0.05496,450267
1778670900000,0.05496,0.05512,0.05493,0.05493,28207
1778671800000,0.05493,0.05504,0.0548,0.05504,74098
1778672700000,0.05504,0.05505,0.05447,0.05449,430379
1778673600000,0.05449,0.05472,0.05449,0.05472,16917
1778674500000,0.05472,0.05472,0.05428,0.05442,564295
1778675400000,0.05442,0.05442,0.05295,0.0533,2384765
1778676300000,0.0533,0.05345,0.05314,0.05326,302828
1778677200000,0.05326,0.05347,0.05325,0.0534,268762
1778678100000,0.0534,0.05347,0.05311,0.05311,187673
1778679000000,0.05311,0.05313,0.0528,0.0528,529079
1778679900000,0.0528,0.05282,0.05198,0.05224,1041208
1778680800000,0.05224,0.0525,0.05175,0.05241,1165890
1778681700000,0.05241,0.05262,0.05234,0.05262,1008087
1778682600000,0.05262,0.05268,0.05239,0.05239,82348
1778683500000,0.05239,0.05239,0.05218,0.05238,42464
1778684400000,0.05238,0.05243,0.05194,0.05205,201816
1778685300000,0.05205,0.05205,0.05128,0.0513,1044583
1778686200000,0.0513,0.0514,0.051,0.05129,399604
1778687100000,0.05129,0.05129,0.05073,0.05081,308603
1778688000000,0.05081,0.05133,0.05081,0.05133,379340
1778688900000,0.05133,0.05169,0.05133,0.05167,144041
1778689800000,0.05167,0.05173,0.05151,0.05154,234888
1778690700000,0.05154,0.05154,0.05124,0.05124,157324
1778691600000,0.05124,0.05162,0.05124,0.05147,831745
1778692500000,0.05147,0.05147,0.05138,0.05138,53111
1778693400000,0.05138,0.05139,0.05129,0.05129,53861
1778694300000,0.05129,0.05138,0.05126,0.05138,74305
1778695200000,0.05138,0.05166,0.05138,0.05162,33564
1778696100000,0.05162,0.05173,0.05153,0.05153,24725
1778697000000,0.05153,0.05166,0.05153,0.05155,31575
1778697900000,0.05155,0.05155,0.05142,0.05143,5661
1778698800000,0.05143,0.05143,0.05118,0.05126,101193
1778699700000,0.05126,0.05127,0.05113,0.05119,67355
1778700600000,0.05119,0.05135,0.05119,0.05123,29050
1778701500000,0.05123,0.05126,0.05114,0.05124,19358
1778702400000,0.05124,0.05159,0.05124,0.05153,49785
1778703300000,0.05153,0.05153,0.05127,0.05127,926315
1778704200000,0.05127,0.05145,0.05127,0.05136,51941
1778705100000,0.05136,0.05138,0.05119,0.05127,155786
1778706000000,0.05127,0.05132,0.05103,0.05118,388206
1778706900000,0.05118,0.05118,0.05092,0.05093,91407
1778707800000,0.05093,0.05099,0.05088,0.05093,138485
1778708700000,0.05093,0.05102,0.05093,0.051,143573
1778709600000,0.051,0.05108,0.05089,0.05092,66747
1778710500000,0.05092,0.05097,0.05087,0.05088,114206
1778711400000,0.05088,0.05113,0.05088,0.0511,758527
1778712300000,0.0511,0.05117,0.05106,0.05117,144768
1778713200000,0.05117,0.05117,0.051,0.05104,428241
1778714100000,0.05104,0.05106,0.05081,0.05087,822763
1778715000000,0.05087,0.05096,0.05075,0.05082,798348
1778715900000,0.05082,0.05088,0.05082,0.05083,52129
1778716800000,0.05083,0.05192,0.05083,0.05139,11667038
1778717700000,0.05139,0.05155,0.05122,0.05137,562304
1778718600000,0.05137,0.05168,0.05137,0.05149,355055
1778719500000,0.05149,0.05178,0.05147,0.05157,627782
1778720400000,0.05157,0.05157,0.05122,0.05126,481502
1778721300000,0.05126,0.05145,0.05125,0.05142,174561
1778722200000,0.05142,0.05156,0.05136,0.05137,135325
1778723100000,0.05137,0.05137,0.05123,0.05124,101971
1778724000000,0.05124,0.05136,0.05118,0.05134,94079
1778724900000,0.05134,0.05134,0.05128,0.0513,59929
1778725800000,0.0513,0.0513,0.0509,0.05097,202041
1778726700000,0.05097,0.05098,0.05063,0.05063,526066
1778727600000,0.05063,0.05072,0.05032,0.0504,340438
1778728500000,0.0504,0.05043,0.05006,0.05033,790965
1778729400000,0.05033,0.05033,0.04993,0.05005,331661
1778730300000,0.05005,0.05005,0.0498,0.04992,153271
1778731200000,0.04992,0.05017,0.0499,0.0501,159862
1778732100000,0.0501,0.05025,0.0501,0.05013,48479
1778733000000,0.05013,0.05016,0.0501,0.05011,46596
1778733900000,0.05011,0.05044,0.05011,0.05041,1259729
1778734800000,0.05041,0.05049,0.05039,0.05044,240202
1778735700000,0.05044,0.05067,0.05039,0.05063,110914
1778736600000,0.05063,0.05075,0.05063,0.05064,30217
1778737500000,0.05064,0.05074,0.05064,0.05073,18022
1778738400000,0.05073,0.05103,0.05061,0.05095,97754
1778739300000,0.05095,0.0511,0.05088,0.051,455592
1778740200000,0.051,0.051,0.05068,0.0507,306282
1778741100000,0.0507,0.05085,0.0507,0.0508,295726
1778742000000,0.0508,0.0508,0.05027,0.05033,838799
1778742900000,0.05033,0.05048,0.05024,0.05041,105615
1778743800000,0.05041,0.0505,0.05035,0.05035,144673
1778744700000,0.05035,0.05051,0.05032,0.05032,95864
1778745600000,0.05032,0.05037,0.05024,0.05032,46741
1778746500000,0.05032,0.05041,0.05032,0.0504,7244
1778747400000,0.0504,0.05056,0.0504,0.05056,53227
1778748300000,0.05056,0.05056,0.05035,0.05045,29997
1778749200000,0.05045,0.05048,0.05027,0.05032,264448
1778750100000,0.05032,0.05053,0.05032,0.05053,11251
1778751000000,0.05053,0.05053,0.05037,0.05038,73945
1778751900000,0.05038,0.05038,0.05028,0.05037,19416
1778752800000,0.05037,0.05037,0.05027,0.05035,21166
1778753700000,0.05035,0.05043,0.05035,0.05042,14200
1778754600000,0.05042,0.05046,0.05034,0.05037,801069
1778755500000,0.05037,0.0505,0.05037,0.0505,91951
1778756400000,0.0505,0.0505,0.05029,0.05029,61127
1778757300000,0.05029,0.05031,0.05007,0.05007,127750
1778758200000,0.05007,0.05009,0.04983,0.04984,423392
1778759100000,0.04984,0.04991,0.04976,0.04985,281807
1778760000000,0.04985,0.05007,0.04984,0.04997,32350
1778760900000,0.04997,0.05021,0.04997,0.05005,219106
1778761800000,0.05005,0.05028,0.05001,0.05021,122148
1778762700000,0.05021,0.05037,0.05021,0.0503,20889
1778763600000,0.0503,0.05039,0.05026,0.05039,146280
1778764500000,0.05039,0.0505,0.05033,0.05033,118344
1778765400000,0.05033,0.05043,0.05012,0.05043,280577
1778766300000,0.05043,0.05073,0.05043,0.05071,18722
1778767200000,0.05071,0.05074,0.05039,0.05059,963301
1778768100000,0.05059,0.05107,0.05059,0.05093,356434
1778769000000,0.05093,0.05133,0.05093,0.05124,292938
1778769900000,0.05124,0.05154,0.05121,0.05145,403520
1778770800000,0.05145,0.05148,0.05114,0.05124,288628
1778771700000,0.05124,0.05141,0.05119,0.05129,32268
1778772600000,0.05129,0.05139,0.05113,0.05124,84866
1778773500000,0.05124,0.05164,0.05117,0.05162,485840
1778774400000,0.05162,0.05193,0.05151,0.05192,822077
1778775300000,0.05192,0.05193,0.05153,0.05157,793301
1778776200000,0.05157,0.05175,0.05157,0.05175,188771
1778777100000,0.05175,0.05182,0.05122,0.05176,212779
1778778000000,0.05176,0.05187,0.05169,0.05173,216732
1778778900000,0.05173,0.05173,0.05122,0.05128,293294
1778779800000,0.05128,0.05158,0.05128,0.05158,19901
1778780700000,0.05158,0.0518,0.05158,0.05169,165524
1778781600000,0.05169,0.05169,0.05138,0.05167,156233
1778782500000,0.05167,0.05198,0.05162,0.05194,199044
1778783400000,0.05194,0.05197,0.05167,0.05171,348584
1778784300000,0.05171,0.05213,0.05171,0.05213,645559
1778785200000,0.05213,0.05222,0.05189,0.0519,142398
1778786100000,0.0519,0.0519,0.05151,0.05151,195844
1778787000000,0.05151,0.0518,0.0515,0.0518,135646
1778787900000,0.0518,0.0518,0.05174,0.0518,64240
1778788800000,0.0518,0.0518,0.05138,0.05138,163686
1778789700000,0.05138,0.05149,0.05113,0.05119,632349
1778790600000,0.05119,0.05125,0.05115,0.05119,41860
1778791500000,0.05119,0.05142,0.05119,0.05139,358000
1778792400000,0.05139,0.05145,0.05104,0.05104,341348
1778793300000,0.05104,0.05105,0.0508,0.05097,250130
1778794200000,0.05097,0.05123,0.05097,0.05113,36138
1778795100000,0.05113,0.05117,0.05102,0.05102,13508
1778796000000,0.05102,0.05106,0.05097,0.05099,14611
1778796900000,0.05099,0.05118,0.05099,0.05108,95982
1778797800000,0.05108,0.05139,0.05105,0.05128,1285550
1778798700000,0.05128,0.05135,0.05113,0.05113,119627
1778799600000,0.05113,0.05113,0.05081,0.0509,65446
1778800500000,0.0509,0.05101,0.05085,0.05101,17531
1778801400000,0.05101,0.05101,0.05082,0.05086,63601
1778802300000,0.05086,0.05086,0.05041,0.05063,825818
1778803200000,0.05063,0.05089,0.05052,0.05089,288077
1778804100000,0.05089,0.051,0.05078,0.0508,470175
1778805000000,0.0508,0.0509,0.05046,0.05046,274209
1778805900000,0.05046,0.05073,0.05046,0.05068,12787
1778806800000,0.05068,0.05068,0.05047,0.05047,16027
1778807700000,0.05047,0.05064,0.05047,0.05054,65063
1778808600000,0.05054,0.05054,0.05025,0.0504,122063
1778809500000,0.0504,0.05051,0.05027,0.05027,600114
1778810400000,0.05027,0.05047,0.05015,0.05025,634786
1778811300000,0.05025,0.05028,0.05011,0.05013,58626
1778812200000,0.05013,0.05037,0.05005,0.05037,55177
1778813100000,0.05037,0.05075,0.05037,0.05069,95369
1778814000000,0.05069,0.05071,0.05053,0.05071,104071
1778814900000,0.05071,0.05094,0.05071,0.05089,208279
1778815800000,0.05089,0.05089,0.05042,0.05058,632199
1778816700000,0.05058,0.05058,0.05033,0.05037,54392
1778817600000,0.05037,0.05037,0.0501,0.05016,107819
1778818500000,0.05016,0.05018,0.04993,0.04993,57299
1778819400000,0.04993,0.05009,0.04989,0.05008,152620
1778820300000,0.05008,0.05008,0.0498,0.0498,223478
1778821200000,0.0498,0.0498,0.04934,0.04953,1213998
1778822100000,0.04953,0.04963,0.04944,0.04949,76258
1778823000000,0.04949,0.0495,0.04871,0.04899,1296111
1778823900000,0.04899,0.04901,0.04858,0.04871,686472
1778824800000,0.04871,0.04888,0.04863,0.04878,122175
1778825700000,0.04878,0.04885,0.04867,0.04883,81421
1778826600000,0.04883,0.04899,0.04881,0.04894,100395
1778827500000,0.04894,0.04899,0.04881,0.04889,234743
1778828400000,0.04889,0.0489,0.0488,0.04889,30275
1778829300000,0.04889,0.04921,0.04883,0.04914,837735
1778830200000,0.04914,0.04914,0.04882,0.04887,139707
1778831100000,0.04887,0.04892,0.04881,0.04886,65298
1778832000000,0.04886,0.04886,0.04856,0.04863,566712
1778832900000,0.04863,0.04863,0.04822,0.04835,1421474
1778833800000,0.04835,0.04854,0.04827,0.04852,48506
1778834700000,0.04852,0.04855,0.04829,0.04833,390274
1778835600000,0.04833,0.04843,0.04826,0.04842,1027995
1778836500000,0.04842,0.04842,0.0483,0.0483,4060
1778837400000,0.0483,0.04849,0.0483,0.04833,104860
1778838300000,0.04833,0.04836,0.04829,0.04831,145988
1778839200000,0.04831,0.04835,0.04831,0.04833,45565
1778840100000,0.04833,0.04836,0.04818,0.04818,72049
1778841000000,0.04818,0.04837,0.04818,0.04825,107868
1778841900000,0.04825,0.04853,0.04825,0.04836,317338
1778842800000,0.04836,0.04836,0.04824,0.04832,482745
1778843700000,0.04832,0.04839,0.04826,0.04832,89155
1778844600000,0.04832,0.04832,0.04802,0.04802,156063
1778845500000,0.04802,0.04802,0.0478,0.04783,576418
1778846400000,0.04783,0.0479,0.04739,0.04748,1843717
1778847300000,0.04748,0.0477,0.04746,0.04764,180569
1778848200000,0.04764,0.04764,0.04742,0.0475,213894
1778849100000,0.0475,0.0475,0.04727,0.04731,149284
1778850000000,0.04731,0.04748,0.04697,0.04741,1030156
1778850900000,0.04741,0.04769,0.04741,0.04755,548932
1778851800000,0.04755,0.04755,0.04642,0.04649,1432265
1778852700000,0.04649,0.04665,0.04594,0.04611,2139329
1778853600000,0.04611,0.04656,0.04587,0.04656,635742
1778854500000,0.04656,0.04678,0.0462,0.04633,1964904
1778855400000,0.04633,0.0465,0.04633,0.04643,271316
1778856300000,0.04643,0.04643,0.04611,0.04634,674697
1778857200000,0.04634,0.04634,0.0458,0.04594,1531721
1778858100000,0.04594,0.0461,0.04588,0.04588,125207
1778859000000,0.04588,0.04608,0.04571,0.04571,143672
1778859900000,0.04571,0.04577,0.0456,0.04573,86640
1778860800000,0.04573,0.0459,0.04573,0.04583,217569
1778861700000,0.04583,0.04594,0.04581,0.04592,206951
1778862600000,0.04592,0.04623,0.04592,0.04618,1131934
1778863500000,0.04618,0.04633,0.04608,0.04629,653566
1778864400000,0.04629,0.04659,0.04629,0.04652,1312254
1778865300000,0.04652,0.04665,0.04649,0.04658,24021
1778866200000,0.04658,0.04667,0.04655,0.04663,208873
1778867100000,0.04663,0.04676,0.04649,0.04675,245928
1778868000000,0.04675,0.04692,0.04672,0.04672,189063
1778868900000,0.04672,0.04672,0.04649,0.04664,191333
1778869800000,0.04664,0.04668,0.0466,0.04662,29607
1778870700000,0.04662,0.04678,0.04657,0.04677,38403
1778871600000,0.04677,0.04677,0.04647,0.04647,53961
1778872500000,0.04647,0.04661,0.04647,0.04649,49886
1778873400000,0.04649,0.04654,0.04644,0.04645,27321
1778874300000,0.04645,0.04645,0.04629,0.04632,202043
1778875200000,0.04632,0.04637,0.04626,0.04637,32945
1778876100000,0.04637,0.04652,0.04631,0.04638,94709
1778877000000,0.04638,0.04638,0.04622,0.04638,169454
1778877900000,0.04638,0.04638,0.04621,0.0463,31685
1778878800000,0.0463,0.04646,0.04622,0.04632,1218642
1778879700000,0.04632,0.04638,0.04631,0.04631,3011
1778880600000,0.04631,0.04638,0.0463,0.04635,77518
1778881500000,0.04635,0.04644,0.04622,0.04622,47220
1778882400000,0.04622,0.04631,0.04622,0.04631,483
1778883300000,0.04631,0.04634,0.04625,0.04631,19668
1778884200000,0.04631,0.04654,0.04631,0.04648,772515
1778885100000,0.04648,0.04655,0.04646,0.04652,50178
1778886000000,0.04652,0.0466,0.0465,0.04658,33838
1778886900000,0.04658,0.04671,0.04644,0.0465,585203
1778887800000,0.0465,0.0465,0.04643,0.04645,111523
1778888700000,0.04645,0.04657,0.04645,0.04657,83172
1778889600000,0.04657,0.04657,0.04638,0.04648,921873
1778890500000,0.04648,0.04648,0.0463,0.0463,186582
1778891400000,0.0463,0.04646,0.0463,0.04641,192541
1778892300000,0.04641,0.04642,0.0464,0.04641,12561
1778893200000,0.04641,0.04647,0.04629,0.04629,124359
1778894100000,0.04629,0.04629,0.04609,0.04612,104173
1778895000000,0.04612,0.04614,0.04595,0.04607,531556
1778895900000,0.04607,0.04612,0.04607,0.04612,369
1778896800000,0.04612,0.04612,0.046,0.04612,381019
1778897700000,0.04612,0.04612,0.0459,0.0459,8878
1778898600000,0.0459,0.04611,0.04586,0.0461,323164
1778899500000,0.0461,0.04616,0.0461,0.04611,135660
1778900400000,0.04611,0.04654,0.04611,0.04651,706780
1778901300000,0.04651,0.04655,0.04648,0.04655,185337
1778902200000,0.04655,0.04655,0.04633,0.04633,124207
1778903100000,0.04633,0.04633,0.04624,0.04627,50444
1778904000000,0.04627,0.04627,0.04608,0.04623,105057
1778904900000,0.04623,0.04623,0.046,0.04602,246166
1778905800000,0.04602,0.04608,0.0458,0.04595,148386
1778906700000,0.04595,0.04601,0.04594,0.04596,23624
1778907600000,0.04596,0.046,0.04578,0.046,74811
1778908500000,0.046,0.046,0.046,0.046,18134
1778909400000,0.046,0.04605,0.04593,0.04598,173930
1778910300000,0.04598,0.04599,0.04577,0.04577,20229
1778911200000,0.04577,0.04586,0.0454,0.04546,774593
1778912100000,0.04546,0.04546,0.04517,0.04533,199836
1778913000000,0.04533,0.04538,0.04504,0.04504,520811
1778913900000,0.04504,0.04518,0.04477,0.04495,1447485
1778914800000,0.04495,0.04496,0.0442,0.04428,1508655
1778915700000,0.04428,0.04478,0.04407,0.04474,2156019
1778916600000,0.04474,0.04538,0.04461,0.04538,2257630
1778917500000,0.04538,0.04548,0.04505,0.0451,214139
1778918400000,0.0451,0.0452,0.04504,0.04508,305363
1778919300000,0.04508,0.0451,0.045,0.045,30022
1778920200000,0.045,0.0451,0.045,0.04509,21336
1778921100000,0.04509,0.04509,0.04496,0.04499,64750
1778922000000,0.04499,0.04502,0.04474,0.04479,404724
1778922900000,0.04479,0.04479,0.04417,0.04435,2709710
1778923800000,0.04435,0.04456,0.04432,0.04434,733857
1778924700000,0.04434,0.04448,0.0443,0.04433,209111
1778925600000,0.04433,0.04433,0.04389,0.04406,845201
1778926500000,0.04406,0.04423,0.04394,0.04417,1473962
1778927400000,0.04417,0.04435,0.04407,0.0441,117441
1778928300000,0.0441,0.04445,0.0441,0.04445,49976
1778929200000,0.04445,0.04461,0.04445,0.04453,133263
1778930100000,0.04453,0.04465,0.04453,0.04459,67179
1778931000000,0.04459,0.04482,0.04459,0.04479,1171757
1778931900000,0.04479,0.04486,0.04479,0.04483,70728
1778932800000,0.04483,0.04484,0.04473,0.04478,257540
1778933700000,0.04478,0.04498,0.04478,0.04492,768257
1778934600000,0.04492,0.04504,0.04491,0.04504,121551
1778935500000,0.04504,0.04517,0.04502,0.04508,382297
1778936400000,0.04508,0.04527,0.04498,0.0452,523451
1778937300000,0.0452,0.04541,0.0452,0.04535,244547
1778938200000,0.04535,0.04543,0.04533,0.04533,200040
1778939100000,0.04533,0.0454,0.04528,0.04528,391071
1778940000000,0.04528,0.04534,0.04519,0.04532,134366
1778940900000,0.04532,0.04532,0.04522,0.04523,196946
1778941800000,0.04523,0.04558,0.04523,0.04558,667792
1778942700000,0.04558,0.04571,0.04553,0.04569,297842
1778943600000,0.04569,0.04573,0.04536,0.04541,459304
1778944500000,0.04541,0.04569,0.04541,0.0456,607467
1778945400000,0.0456,0.04564,0.0454,0.04542,175487
1778946300000,0.04542,0.04551,0.04538,0.04542,485931
1778947200000,0.04542,0.04579,0.04538,0.04559,1157853
1778948100000,0.04559,0.0457,0.04559,0.04563,52481
1778949000000,0.04563,0.04563,0.04529,0.04529,443430
1778949900000,0.04529,0.04542,0.04529,0.0453,304491
1778950800000,0.0453,0.04542,0.04514,0.04514,193682
1778951700000,0.04514,0.04535,0.04514,0.04534,158000
1778952600000,0.04534,0.04547,0.04534,0.04543,97225
1778953500000,0.04543,0.04555,0.04543,0.04552,69192
1778954400000,0.04552,0.04552,0.04521,0.04523,191990
1778955300000,0.04523,0.04523,0.04518,0.04521,11652
1778956200000,0.04521,0.04521,0.04517,0.04517,6114
1778957100000,0.04517,0.04521,0.04508,0.04511,92707
1778958000000,0.04511,0.04513,0.0451,0.0451,4264
1778958900000,0.0451,0.0452,0.0451,0.0452,220216
1778959800000,0.0452,0.04535,0.0452,0.04532,83808
1778960700000,0.04532,0.04534,0.04523,0.04523,190801
1778961600000,0.04523,0.04523,0.04512,0.04512,157000
1778962500000,0.04512,0.04512,0.04508,0.0451,20221
1778963400000,0.0451,0.0451,0.04491,0.04491,401071
1778964300000,0.04491,0.04497,0.0449,0.04497,5097
1778965200000,0.04497,0.04502,0.04497,0.04497,110201
1778966100000,0.04497,0.04502,0.04496,0.04496,17546
1778967000000,0.04496,0.04499,0.04496,0.04499,2668
1778967900000,0.04499,0.04499,0.04495,0.04495,2713
1778968800000,0.04495,0.04495,0.04476,0.04477,16293
1778969700000,0.04477,0.0449,0.04477,0.04489,152284
1778970600000,0.04489,0.0449,0.04483,0.04483,10423
1778971500000,0.04483,0.04483,0.04472,0.04477,635420
1778972400000,0.04477,0.04486,0.04477,0.04478,175657
1778973300000,0.04478,0.04491,0.04478,0.04484,43837
1778974200000,0.04484,0.04484,0.04482,0.04483,1361
1778975100000,0.04483,0.04483,0.04468,0.04468,492297
1778976000000,0.04468,0.04481,0.04463,0.04476,313896
1778976900000,0.04476,0.04479,0.0445,0.04459,972491
1778977800000,0.04459,0.04463,0.04457,0.04458,83522
1778978700000,0.04458,0.04458,0.04433,0.04442,109469
1778979600000,0.04442,0.04461,0.04434,0.04461,99923
1778980500000,0.04461,0.04461,0.04439,0.0444,70636
1778981400000,0.0444,0.0444,0.04421,0.04421,345190
1778982300000,0.04421,0.04437,0.04421,0.04434,81390
1778983200000,0.04434,0.04434,0.04422,0.04422,20680
1778984100000,0.04422,0.04433,0.04422,0.04433,18153
1778985000000,0.04433,0.04435,0.04423,0.04424,24790
1778985900000,0.04424,0.0443,0.04417,0.0443,3532
1778986800000,0.0443,0.04449,0.0443,0.04441,10121
1778987700000,0.04441,0.04447,0.04441,0.04441,7174
1778988600000,0.04441,0.0446,0.04441,0.04454,96651
1778989500000,0.04454,0.04477,0.04454,0.04469,466672
1778990400000,0.04469,0.0448,0.04464,0.0448,129479
1778991300000,0.0448,0.04491,0.04474,0.04478,273696
1778992200000,0.04478,0.04479,0.04472,0.04479,337117
1778993100000,0.04479,0.04482,0.04479,0.04481,28068
1778994000000,0.04481,0.04519,0.04481,0.04504,360529
1778994900000,0.04504,0.04504,0.04491,0.04492,16706
1778995800000,0.04492,0.04498,0.04489,0.04491,189492
1778996700000,0.04491,0.0451,0.04491,0.04491,991702
1778997600000,0.04491,0.045,0.04491,0.04496,118040
1778998500000,0.04496,0.04496,0.04464,0.04476,272403
1778999400000,0.04476,0.04478,0.04473,0.04478,57901
1779000300000,0.04478,0.04482,0.04478,0.0448,50922
1779001200000,0.0448,0.04481,0.04473,0.04479,70500
1779002100000,0.04479,0.04494,0.04479,0.04494,65599
1779003000000,0.04494,0.04509,0.04487,0.04504,141479
1779003900000,0.04504,0.04512,0.04504,0.04509,33132
1779004800000,0.04509,0.04515,0.04502,0.04502,178274
1779005700000,0.04502,0.04502,0.04483,0.04491,55160
1779006600000,0.04491,0.04495,0.04479,0.04483,29871
1779007500000,0.04483,0.04487,0.04481,0.04481,35226
1779008400000,0.04481,0.0449,0.04474,0.04488,263740
1779009300000,0.04488,0.04495,0.04482,0.04485,40462
1779010200000,0.04485,0.045,0.04485,0.045,5148
1779011100000,0.045,0.04511,0.04499,0.04509,140106
1779012000000,0.04509,0.04523,0.04506,0.04516,202902
1779012900000,0.04516,0.04518,0.04501,0.04517,854460
1779013800000,0.04517,0.04526,0.04516,0.04517,305531
1779014700000,0.04517,0.04522,0.045,0.04503,345448
1779015600000,0.04503,0.04503,0.04483,0.04496,238308
1779016500000,0.04496,0.04496,0.04477,0.04487,1161282
1779017400000,0.04487,0.04504,0.04487,0.04499,79560
1779018300000,0.04499,0.04514,0.04496,0.04505,990150
1779019200000,0.04505,0.0453,0.04505,0.04529,86883
1779020100000,0.04529,0.04542,0.0452,0.0454,1039264
1779021000000,0.0454,0.0454,0.04529,0.04529,23657
1779021900000,0.04529,0.04529,0.04514,0.04514,3221
1779022800000,0.04514,0.04517,0.04501,0.0451,57621
1779023700000,0.0451,0.0451,0.04479,0.04485,198804
1779024600000,0.04485,0.04502,0.04485,0.045,47019
1779025500000,0.045,0.045,0.04475,0.04475,71299
1779026400000,0.04475,0.04479,0.04464,0.04478,245008
1779027300000,0.04478,0.04484,0.04448,0.04484,83852
1779028200000,0.04484,0.04484,0.04475,0.04478,7520
1779029100000,0.04478,0.0449,0.04478,0.0449,76344
1779030000000,0.0449,0.04501,0.0449,0.04492,37993
1779030900000,0.04492,0.04492,0.04477,0.04477,66845
1779031800000,0.04477,0.04488,0.04475,0.04475,28353
1779032700000,0.04475,0.04484,0.04475,0.04482,76751
1779033600000,0.04482,0.04496,0.0448,0.0448,166576
1779034500000,0.0448,0.0448,0.04473,0.04478,36721
1779035400000,0.04478,0.04484,0.04477,0.04481,24935
1779036300000,0.04481,0.04481,0.04459,0.0446,1017861
1779037200000,0.0446,0.04464,0.04449,0.04464,145410
1779038100000,0.04464,0.04464,0.04447,0.04458,51294
1779039000000,0.04458,0.04458,0.0444,0.0445,1036255
1779039900000,0.0445,0.04458,0.04449,0.04458,37610
1779040800000,0.04458,0.04474,0.04455,0.04473,3542
1779041700000,0.04473,0.04473,0.04451,0.04463,9961
1779042600000,0.04463,0.0447,0.0446,0.04461,57359
1779043500000,0.04461,0.04469,0.04461,0.04469,2693
1779044400000,0.04469,0.04485,0.04469,0.04483,26196
1779045300000,0.04483,0.04493,0.04482,0.04484,74955
1779046200000,0.04484,0.04507,0.04484,0.04505,16563
1779047100000,0.04505,0.04505,0.04501,0.04502,16122
1779048000000,0.04502,0.04503,0.04481,0.04481,165010
1779048900000,0.04481,0.04483,0.04481,0.04483,5335
1779049800000,0.04483,0.04489,0.04478,0.04478,116508
1779050700000,0.04478,0.04486,0.04478,0.04486,6827
1779051600000,0.04486,0.04486,0.04479,0.04481,478582
1779052500000,0.04481,0.04498,0.04481,0.04495,45609
1779053400000,0.04495,0.04507,0.04495,0.04507,17807
1779054300000,0.04507,0.04507,0.04507,0.04507,0
1779055200000,0.04507,0.04507,0.04457,0.04467,132489
1779056100000,0.04467,0.04467,0.04445,0.04449,28983
1779057000000,0.04449,0.04459,0.04449,0.04453,27848
1779057900000,0.04453,0.04453,0.04439,0.04452,23735
1779058800000,0.04452,0.04452,0.04427,0.0444,245474
1779059700000,0.0444,0.0444,0.04422,0.04432,47870
1779060600000,0.04432,0.04432,0.04237,0.04309,15972651
1779061500000,0.04309,0.04367,0.04309,0.04364,431440
1779062400000,0.04364,0.04368,0.04315,0.04329,856532
1779063300000,0.04329,0.04356,0.04329,0.04341,337511
1779064200000,0.04341,0.04341,0.04325,0.0434,228741
1779065100000,0.0434,0.04356,0.04331,0.04356,250560
1779066000000,0.04356,0.04377,0.04354,0.04354,905903
1779066900000,0.04354,0.04354,0.04333,0.04336,837540
1779067800000,0.04336,0.04343,0.04319,0.04319,531705
1779068700000,0.04319,0.04363,0.04314,0.04362,1075446
1779069600000,0.04362,0.04383,0.04357,0.04383,186084
1779070500000,0.04383,0.04383,0.04359,0.04361,403892
1779071400000,0.04361,0.04365,0.04352,0.04363,408172
1779072300000,0.04363,0.04364,0.04354,0.04354,39704
1779073200000,0.04354,0.04375,0.04354,0.04367,302155
1779074100000,0.04367,0.04372,0.04361,0.04365,44905
1779075000000,0.04365,0.04371,0.04352,0.04368,191684
1779075900000,0.04368,0.04375,0.04357,0.04357,15709
1779076800000,0.04357,0.04371,0.04357,0.04371,428293
1779077700000,0.04371,0.04371,0.04336,0.04348,283235
1779078600000,0.04348,0.04372,0.04346,0.04372,57620
1779079500000,0.04372,0.04373,0.04362,0.04373,137886
1779080400000,0.04373,0.04381,0.04367,0.04372,15839
1779081300000,0.04372,0.04372,0.04357,0.04358,50620
1779082200000,0.04358,0.0436,0.04332,0.04335,173838
1779083100000,0.04335,0.04341,0.04331,0.04331,40159
1779084000000,0.04331,0.04347,0.04313,0.04329,732731
1779084900000,0.04329,0.04338,0.04296,0.04313,447144
1779085800000,0.04313,0.04329,0.04301,0.04325,157930
1779086700000,0.04325,0.04335,0.0432,0.04322,127897
1779087600000,0.04322,0.04332,0.04311,0.04311,151727
1779088500000,0.04311,0.0433,0.04292,0.04327,533582
1779089400000,0.04327,0.04327,0.04304,0.04309,6631
1779090300000,0.04309,0.04312,0.04302,0.04308,125857
1779091200000,0.04308,0.04317,0.04296,0.04296,112857
1779092100000,0.04296,0.04296,0.04289,0.04296,62289
1779093000000,0.04296,0.04301,0.04276,0.04285,794751
1779093900000,0.04285,0.04302,0.04284,0.04301,83807
1779094800000,0.04301,0.0431,0.04262,0.04262,89858
1779095700000,0.04262,0.04277,0.04261,0.04272,830706
1779096600000,0.04272,0.04281,0.04269,0.04279,76045
1779097500000,0.04279,0.04279,0.04259,0.04268,65865
1779098400000,0.04268,0.04277,0.04265,0.04265,152891
1779099300000,0.04265,0.04266,0.04256,0.04256,78545
1779100200000,0.04256,0.04258,0.0425,0.04251,83969
1779101100000,0.04251,0.04267,0.04251,0.0426,17979
1779102000000,0.0426,0.0426,0.0425,0.04255,104266
1779102900000,0.04255,0.04266,0.04255,0.04266,80767
1779103800000,0.04266,0.04326,0.04259,0.04314,215813
1779104700000,0.04314,0.0432,0.04298,0.04298,120481
1779105600000,0.04298,0.04321,0.04298,0.04321,82750
1779106500000,0.04321,0.04321,0.04309,0.04311,48706
1779107400000,0.04311,0.04336,0.04311,0.04335,26435
1779108300000,0.04335,0.04338,0.04323,0.04323,42762
1779109200000,0.04323,0.04323,0.04301,0.04311,131277
1779110100000,0.04311,0.04311,0.04291,0.04291,144410
1779111000000,0.04291,0.04291,0.04256,0.04275,107042
1779111900000,0.04275,0.04296,0.04269,0.04283,76269
1779112800000,0.04283,0.04283,0.04262,0.04264,63146
1779113700000,0.04264,0.04268,0.04237,0.04248,416610
1779114600000,0.04248,0.04256,0.04232,0.04235,1322438
1779115500000,0.04235,0.04235,0.04213,0.04228,1427309
1779116400000,0.04228,0.04232,0.04195,0.04224,696304
1779117300000,0.04224,0.04225,0.04197,0.04198,451743
1779118200000,0.04198,0.04224,0.04195,0.04217,99800
1779119100000,0.04217,0.04246,0.04217,0.04234,701398
1779120000000,0.04234,0.04267,0.04234,0.04264,139047
1779120900000,0.04264,0.04264,0.04231,0.04241,139970
1779121800000,0.04241,0.04241,0.04224,0.0424,24653
1779122700000,0.0424,0.04252,0.0424,0.04241,48405
1779123600000,0.04241,0.04267,0.04241,0.04253,171923
1779124500000,0.04253,0.04266,0.04253,0.04256,37225
1779125400000,0.04256,0.04267,0.04256,0.04263,58670
1779126300000,0.04263,0.04294,0.04263,0.04282,528891
1779127200000,0.04282,0.04282,0.04258,0.04258,43805
1779128100000,0.04258,0.04259,0.04231,0.04231,798740
1779129000000,0.04231,0.04257,0.04231,0.04232,14619
1779129900000,0.04232,0.04241,0.04217,0.04217,25077
1779130800000,0.04217,0.04296,0.04217,0.04276,133388
1779131700000,0.04276,0.0429,0.04276,0.04284,34234
1779132600000,0.04284,0.04323,0.04284,0.04318,274732
1779133500000,0.04318,0.04338,0.04314,0.04324,245224
1779134400000,0.04324,0.04353,0.04324,0.04342,582316
1779135300000,0.04342,0.04344,0.04335,0.04338,185156
1779136200000,0.04338,0.04356,0.04338,0.04341,237585
1779137100000,0.04341,0.04341,0.04326,0.04336,226746
1779138000000,0.04336,0.04354,0.04326,0.04345,220893
1779138900000,0.04345,0.04361,0.04345,0.04359,18780
1779139800000,0.04359,0.04393,0.04359,0.04386,64787
1779140700000,0.04386,0.04399,0.04386,0.04399,49447
1779141600000,0.04399,0.04432,0.04389,0.04424,225066
1779142500000,0.04424,0.04449,0.04418,0.04449,174771
1779143400000,0.04449,0.04449,0.04419,0.04419,401891
1779144300000,0.04419,0.04425,0.04406,0.04425,333690
1779145200000,0.04425,0.04448,0.04425,0.04443,18833
1779146100000,0.04443,0.04443,0.04432,0.04435,26292
1779147000000,0.04435,0.04455,0.04423,0.04453,143019
1779147900000,0.04453,0.04453,0.04428,0.0443,57786
1779148800000,0.0443,0.04452,0.04423,0.04442,219683
1779149700000,0.04442,0.04462,0.04441,0.04443,84252
1779150600000,0.04443,0.04455,0.04443,0.04447,33180
1779151500000,0.04447,0.04467,0.04439,0.04441,55283
1779152400000,0.04441,0.04441,0.04431,0.04438,30005
1779153300000,0.04438,0.0444,0.04397,0.04399,103722
1779154200000,0.04399,0.04416,0.04393,0.04416,364256
1779155100000,0.04416,0.04416,0.044,0.044,12339
1779156000000,0.044,0.04407,0.04391,0.04407,68462
1779156900000,0.04407,0.0445,0.04405,0.04443,98663
1779157800000,0.04443,0.04443,0.04419,0.04426,27300
1779158700000,0.04426,0.04435,0.04412,0.04414,45871
1779159600000,0.04414,0.04433,0.04412,0.04433,18020
1779160500000,0.04433,0.04436,0.04421,0.04421,9679
1779161400000,0.04421,0.0443,0.04412,0.04429,36580
1779162300000,0.04429,0.04429,0.04412,0.04414,16785
1779163200000,0.04414,0.04442,0.0441,0.0444,557117
1779164100000,0.0444,0.04442,0.04422,0.04422,67290
1779165000000,0.04422,0.04422,0.04407,0.04416,357114
1779165900000,0.04416,0.04421,0.04408,0.04421,12025
1779166800000,0.04421,0.04421,0.04396,0.04396,220299
1779167700000,0.04396,0.044,0.04372,0.0439,409900
1779168600000,0.0439,0.04405,0.04388,0.04405,20786
1779169500000,0.04405,0.04416,0.04395,0.04409,151267
1779170400000,0.04409,0.0441,0.04396,0.0441,100033
1779171300000,0.0441,0.04413,0.04395,0.04395,71321
1779172200000,0.04395,0.04404,0.04395,0.04398,59228
1779173100000,0.04398,0.04399,0.04386,0.04392,365949
1779174000000,0.04392,0.04396,0.04383,0.04391,56951
1779174900000,0.04391,0.04392,0.04377,0.04379,156822
1779175800000,0.04379,0.044,0.04377,0.04399,244255
1779176700000,0.04399,0.04412,0.04399,0.044,7777
1779177600000,0.044,0.044,0.04365,0.04366,34758
1779178500000,0.04366,0.0437,0.04359,0.04367,21888
1779179400000,0.04367,0.04384,0.04367,0.04384,17868
1779180300000,0.04384,0.04384,0.04369,0.04369,3660
1779181200000,0.04369,0.04373,0.04356,0.0436,687442
1779182100000,0.0436,0.0436,0.04326,0.04326,58233
1779183000000,0.04326,0.04347,0.04326,0.04347,227836
1779183900000,0.04347,0.04348,0.04347,0.04347,3030
1779184800000,0.04347,0.04359,0.04347,0.04354,46553
1779185700000,0.04354,0.04354,0.04345,0.04345,29744
1779186600000,0.04345,0.04349,0.04326,0.04328,13894
1779187500000,0.04328,0.0433,0.04327,0.0433,380
1779188400000,0.0433,0.0433,0.04283,0.04288,927802
1779189300000,0.04288,0.04288,0.04263,0.04273,349168
1779190200000,0.04273,0.04278,0.04239,0.04239,30483
1779191100000,0.04239,0.0426,0.04192,0.04208,1208960
1779192000000,0.04208,0.04213,0.04117,0.04118,2045865
1779192900000,0.04118,0.0412,0.04034,0.04118,3199706
1779193800000,0.04118,0.04147,0.04104,0.04117,2033186
1779194700000,0.04117,0.0415,0.04113,0.04143,578955
1779195600000,0.04143,0.04208,0.04143,0.04175,1299725
1779196500000,0.04175,0.04187,0.04156,0.04159,304540
1779197400000,0.04159,0.04208,0.04159,0.04183,581599
1779198300000,0.04183,0.04228,0.04183,0.04214,740194
1779199200000,0.04214,0.04214,0.0402,0.04036,4504899
1779200100000,0.04036,0.04062,0.03898,0.03928,5742416
1779201000000,0.03928,0.03962,0.03894,0.03911,1901132
1779201900000,0.03911,0.03919,0.03857,0.03861,1133435
1779202800000,0.03861,0.03887,0.03825,0.03846,1788545
1779203700000,0.03846,0.03875,0.03833,0.0384,698274
1779204600000,0.0384,0.03874,0.03829,0.0384,760098
1779205500000,0.0384,0.03858,0.03823,0.03835,985154
1779206400000,0.03835,0.03862,0.03807,0.0385,1903215
1779207300000,0.0385,0.03971,0.0385,0.03937,2089652
1779208200000,0.03937,0.03965,0.03935,0.03944,562489
1779209100000,0.03944,0.03963,0.0393,0.03943,1322597
1779210000000,0.03943,0.03951,0.0393,0.0394,356377
1779210900000,0.0394,0.0394,0.03898,0.03905,210059
1779211800000,0.03905,0.03924,0.03898,0.039,1512588
1779212700000,0.039,0.03916,0.03899,0.03916,1584682
1779213600000,0.03916,0.03939,0.03913,0.03917,280538
1779214500000,0.03917,0.03918,0.03873,0.03877,878869
1779215400000,0.03877,0.03904,0.03874,0.03902,913478
1779216300000,0.03902,0.03904,0.03867,0.03873,151228
1779217200000,0.03873,0.03889,0.0387,0.03879,689215
1779218100000,0.03879,0.03879,0.03864,0.0387,300381
1779219000000,0.0387,0.03891,0.0387,0.03881,144182
1779219900000,0.03881,0.03881,0.03847,0.03858,664734
1779220800000,0.03858,0.0386,0.03841,0.03846,421788
1779221700000,0.03846,0.03852,0.03834,0.03836,394702
1779222600000,0.03836,0.0385,0.03826,0.03849,586448
1779223500000,0.03849,0.03889,0.03849,0.0388,612632
1779224400000,0.0388,0.03906,0.03877,0.03906,257164
1779225300000,0.03906,0.03909,0.03894,0.03899,70438
1779226200000,0.03899,0.03913,0.03899,0.03911,63033
1779227100000,0.03911,0.03922,0.03909,0.0391,73343
1779228000000,0.0391,0.0391,0.03889,0.03899,122666
1779228900000,0.03899,0.039,0.03864,0.03876,1359875
1779229800000,0.03876,0.03891,0.03876,0.03878,225829
1779230700000,0.03878,0.03881,0.03864,0.03864,184201
1779231600000,0.03864,0.03941,0.03864,0.03922,1477645
1779232500000,0.03922,0.03938,0.03922,0.03934,184207
1779233400000,0.03934,0.03934,0.03916,0.03916,81343
1779234300000,0.03916,0.03921,0.03878,0.03878,256997
1779235200000,0.03878,0.03909,0.03875,0.03881,1130563
1779236100000,0.03881,0.03959,0.03881,0.03955,945237
1779237000000,0.03955,0.0399,0.03938,0.03983,931588
1779237900000,0.03983,0.03996,0.03966,0.03977,813280
1779238800000,0.03977,0.03995,0.0394,0.03985,1195361
1779239700000,0.03985,0.03988,0.03957,0.03959,1106108
1779240600000,0.03959,0.03993,0.03958,0.03992,1067099
1779241500000,0.03992,0.04044,0.03982,0.04041,2254698
1779242400000,0.04041,0.04062,0.0402,0.04044,1640224
1779243300000,0.04044,0.04073,0.04043,0.04045,1453052
1779244200000,0.04045,0.04062,0.04042,0.04059,597340
1779245100000,0.04059,0.04059,0.04005,0.04045,2265419
1779246000000,0.04045,0.04054,0.0403,0.04037,606962
1779246900000,0.04037,0.0405,0.04009,0.04049,977373
1779247800000,0.04049,0.04065,0.04025,0.04051,1483502
1779248700000,0.04051,0.04051,0.04024,0.04024,249339
1779249600000,0.04024,0.04037,0.04005,0.0402,229699
1779250500000,0.0402,0.04036,0.0401,0.04019,496161
1779251400000,0.04019,0.04023,0.0401,0.04014,150348
1779252300000,0.04014,0.04017,0.03994,0.04014,764088
1779253200000,0.04014,0.04043,0.03996,0.04041,1076726
1779254100000,0.04041,0.04051,0.04033,0.04048,588632
1779255000000,0.04048,0.04082,0.04048,0.04055,673138
1779255900000,0.04055,0.04059,0.04044,0.04057,84355
1779256800000,0.04057,0.04057,0.04031,0.04037,860681
1779257700000,0.04037,0.04043,0.04025,0.04037,881564
1779258600000,0.04037,0.04054,0.04037,0.04038,307798
1779259500000,0.04038,0.04049,0.04038,0.04043,23274
1779260400000,0.04043,0.04066,0.04043,0.04066,620421
1779261300000,0.04066,0.04084,0.04062,0.04075,101765
1779262200000,0.04075,0.04086,0.04069,0.04077,332999
1779263100000,0.04077,0.04083,0.04065,0.04082,495038
1779264000000,0.04082,0.04094,0.04063,0.04093,661888
1779264900000,0.04093,0.04099,0.0408,0.04081,226954
1779265800000,0.04081,0.04107,0.04081,0.04091,195461
1779266700000,0.04091,0.04098,0.04085,0.04093,267559
1779267600000,0.04093,0.04107,0.04076,0.04078,777181
1779268500000,0.04078,0.04082,0.04044,0.04047,446357
1779269400000,0.04047,0.04073,0.04044,0.04057,419791
1779270300000,0.04057,0.04061,0.04033,0.04045,666519
1779271200000,0.04045,0.0406,0.04016,0.04018,1070948
1779272100000,0.04018,0.04032,0.04012,0.04032,125182
1779273000000,0.04032,0.04037,0.04007,0.04015,234880
1779273900000,0.04015,0.04025,0.0401,0.04021,162590
1779274800000,0.04021,0.04021,0.04,0.04,344502
1779275700000,0.04,0.04016,0.03996,0.03996,56337
1779276600000,0.03996,0.04003,0.03981,0.03983,1803000
1779277500000,0.03983,0.03983,0.03956,0.03978,1122637
1779278400000,0.03978,0.04004,0.03975,0.04004,1465488
1779279300000,0.04004,0.04014,0.03999,0.04013,401787
1779280200000,0.04013,0.04022,0.04007,0.04015,199191
1779281100000,0.04015,0.04032,0.04011,0.0403,427525
1779282000000,0.0403,0.0404,0.04022,0.04025,612315
1779282900000,0.04025,0.04025,0.04015,0.04022,183498
1779283800000,0.04022,0.04038,0.04003,0.04024,617803
1779284700000,0.04024,0.04038,0.04024,0.04028,154666
1779285600000,0.04028,0.04062,0.04026,0.04062,1386073
1779286500000,0.04062,0.04126,0.0406,0.041,1096436
1779287400000,0.041,0.04113,0.04082,0.04099,1534231
1779288300000,0.04099,0.04112,0.04095,0.04101,809984
1779289200000,0.04101,0.04104,0.04082,0.04086,587922
1779290100000,0.04086,0.04124,0.04086,0.041,2638363
1779291000000,0.041,0.0411,0.04073,0.04078,717251
1779291900000,0.04078,0.04089,0.04071,0.04071,1141929
1779292800000,0.04071,0.04129,0.04071,0.04123,2426878
1779293700000,0.04123,0.04123,0.04091,0.04091,458818
1779294600000,0.04091,0.04137,0.04091,0.04121,432017
1779295500000,0.04121,0.04136,0.04102,0.04102,476984
1779296400000,0.04102,0.04144,0.04102,0.0414,589464
1779297300000,0.0414,0.04156,0.04137,0.04149,185771
1779298200000,0.04149,0.04247,0.04148,0.04245,1973396
1779299100000,0.04245,0.04245,0.04206,0.04219,803625
1779300000000,0.04219,0.04251,0.04214,0.04251,655399
1779300900000,0.04251,0.04265,0.04201,0.04209,415226
1779301800000,0.04209,0.04209,0.04177,0.0418,485595
1779302700000,0.0418,0.04195,0.04162,0.04195,334867
1779303600000,0.04195,0.04209,0.04175,0.04209,418461
1779304500000,0.04209,0.0424,0.04206,0.04229,1186741
1779305400000,0.04229,0.04239,0.04208,0.04208,296694
1779306300000,0.04208,0.04208,0.04182,0.042,1152563
1779307200000,0.042,0.04203,0.04156,0.04169,160631
1779308100000,0.04169,0.04171,0.04122,0.04147,208001
1779309000000,0.04147,0.04151,0.04142,0.04144,182390
1779309900000,0.04144,0.04178,0.04144,0.04178,22918
1779310800000,0.04178,0.04196,0.04162,0.04181,343463
1779311700000,0.04181,0.04181,0.04152,0.04153,151241
1779312600000,0.04153,0.04184,0.04152,0.04166,119649
1779313500000,0.04166,0.04186,0.04166,0.04186,12140
1779314400000,0.04186,0.04186,0.04156,0.04169,53763
1779315300000,0.04169,0.04192,0.04169,0.04192,32384
1779316200000,0.04192,0.04199,0.04172,0.04172,432205
1779317100000,0.04172,0.04214,0.0417,0.04214,277414
1779318000000,0.04214,0.04239,0.04202,0.04218,493093
1779318900000,0.04218,0.04236,0.04211,0.04236,716205
1779319800000,0.04236,0.04261,0.0423,0.04253,1687217
1779320700000,0.04253,0.04253,0.04221,0.04236,191022
1779321600000,0.04236,0.04258,0.04207,0.04207,1181966
1779322500000,0.04207,0.04221,0.04194,0.04217,472874
1779323400000,0.04217,0.04243,0.04217,0.04238,906845
1779324300000,0.04238,0.04263,0.04232,0.04254,275849
1779325200000,0.04254,0.04254,0.04228,0.04243,399110
1779326100000,0.04243,0.04255,0.04233,0.04241,232215
1779327000000,0.04241,0.04241,0.04222,0.04225,135262
1779327900000,0.04225,0.04227,0.04194,0.04203,282957
1779328800000,0.04203,0.04213,0.04179,0.04184,302709
1779329700000,0.04184,0.0421,0.04184,0.04202,43813
1779330600000,0.04202,0.04202,0.04184,0.04187,139131
1779331500000,0.04187,0.0421,0.04178,0.0421,65588
1779332400000,0.0421,0.04211,0.04189,0.04192,200433
1779333300000,0.04192,0.04214,0.04189,0.04214,99321
1779334200000,0.04214,0.04221,0.0421,0.0421,43989
1779335100000,0.0421,0.0421,0.04184,0.04203,128319
1779336000000,0.04203,0.04203,0.04184,0.04191,93508
1779336900000,0.04191,0.04196,0.04188,0.04196,2927
1779337800000,0.04196,0.04198,0.04178,0.04186,25017
1779338700000,0.04186,0.04215,0.04186,0.04215,417963
1779339600000,0.04215,0.04215,0.04194,0.04194,44182
1779340500000,0.04194,0.042,0.04168,0.04168,97258
1779341400000,0.04168,0.04172,0.0416,0.0416,77769
1779342300000,0.0416,0.04168,0.04141,0.04161,241781
1779343200000,0.04161,0.04161,0.04149,0.04149,20840
1779344100000,0.04149,0.04161,0.04136,0.04157,589609
1779345000000,0.04157,0.04161,0.04133,0.04141,57638
1779345900000,0.04141,0.04159,0.04141,0.04151,48279
1779346800000,0.04151,0.04157,0.04148,0.04153,83802
1779347700000,0.04153,0.0419,0.04147,0.04189,562156
1779348600000,0.04189,0.04202,0.04189,0.04202,135753
1779349500000,0.04202,0.04221,0.04202,0.04205,190999
1779350400000,0.04205,0.04225,0.04204,0.04221,61968
1779351300000,0.04221,0.04237,0.04207,0.04226,232064
1779352200000,0.04226,0.04226,0.04194,0.04196,40893
1779353100000,0.04196,0.04198,0.04192,0.04197,55202
1779354000000,0.04197,0.04212,0.04188,0.04212,530071
1779354900000,0.04212,0.04241,0.04209,0.04231,76176
1779355800000,0.04231,0.04231,0.04185,0.04191,160206
1779356700000,0.04191,0.04205,0.04181,0.04188,81016
1779357600000,0.04188,0.04206,0.04178,0.04178,360313
1779358500000,0.04178,0.04197,0.04142,0.04152,550626
1779359400000,0.04152,0.04154,0.04104,0.04132,987698
1779360300000,0.04132,0.04136,0.04116,0.0412,161071
1779361200000,0.0412,0.04137,0.04109,0.04137,273496
1779362100000,0.04137,0.04138,0.04123,0.04127,106800
1779363000000,0.04127,0.04131,0.04093,0.04102,318774
1779363900000,0.04102,0.04106,0.04097,0.04101,77486
1779364800000,0.04101,0.04109,0.04099,0.041,58451
1779365700000,0.041,0.0412,0.041,0.04116,141439
1779366600000,0.04116,0.04146,0.04111,0.04138,137291
1779367500000,0.04138,0.04155,0.04138,0.04155,109931
1779368400000,0.04155,0.04199,0.04148,0.04191,1421766
1779369300000,0.04191,0.04191,0.04176,0.04176,106252
1779370200000,0.04176,0.04176,0.04118,0.04118,1098433
1779371100000,0.04118,0.04151,0.04118,0.04137,738040
1779372000000,0.04137,0.04154,0.04129,0.04141,148214
1779372900000,0.04141,0.04141,0.04113,0.04132,300612
1779373800000,0.04132,0.04155,0.04128,0.04135,235547
1779374700000,0.04135,0.04146,0.04119,0.04141,1055061
1779375600000,0.04141,0.04158,0.04121,0.04149,216782
1779376500000,0.04149,0.04208,0.04149,0.04187,2136283
1779377400000,0.04187,0.04187,0.04155,0.04163,145373
1779378300000,0.04163,0.04172,0.04154,0.04168,34308
1779379200000,0.04168,0.04194,0.04168,0.04177,391524
1779380100000,0.04177,0.04184,0.04165,0.04169,167758
1779381000000,0.04169,0.04185,0.04168,0.04181,134754
1779381900000,0.04181,0.04185,0.04164,0.04185,621515
1779382800000,0.04185,0.0422,0.04185,0.04214,332995
1779383700000,0.04214,0.04262,0.0421,0.04261,704372
1779384600000,0.04261,0.04289,0.04261,0.04285,721341
1779385500000,0.04285,0.04347,0.04277,0.04324,1774964
1779386400000,0.04324,0.04343,0.04313,0.04342,503902
1779387300000,0.04342,0.04364,0.04334,0.04339,166889
1779388200000,0.04339,0.04345,0.04324,0.04339,111464
1779389100000,0.04339,0.04339,0.04266,0.04296,990672
1779390000000,0.04296,0.04311,0.04282,0.04302,149861
1779390900000,0.04302,0.0432,0.04302,0.04303,203121
1779391800000,0.04303,0.04313,0.04297,0.04305,1030929
1779392700000,0.04305,0.0432,0.04299,0.0431,694443
1779393600000,0.0431,0.04316,0.04291,0.04316,51094
1779394500000,0.04316,0.04316,0.04298,0.04301,88600
1779395400000,0.04301,0.04306,0.04297,0.04297,15763
1779396300000,0.04297,0.04302,0.04287,0.04289,68391
1779397200000,0.04289,0.04303,0.04289,0.04295,129497
1779398100000,0.04295,0.04295,0.04275,0.04288,74634
1779399000000,0.04288,0.04288,0.04271,0.04271,142289
1779399900000,0.04271,0.04276,0.04257,0.04257,177003
1779400800000,0.04257,0.0426,0.04253,0.04253,54726
1779401700000,0.04253,0.04256,0.04248,0.04248,62490
1779402600000,0.04248,0.04251,0.0423,0.04238,63337
1779403500000,0.04238,0.04238,0.04228,0.04229,20786
1779404400000,0.04229,0.04245,0.04223,0.0423,465228
1779405300000,0.0423,0.0423,0.04217,0.04227,92813
1779406200000,0.04227,0.04247,0.04226,0.04234,68980
1779407100000,0.04234,0.04255,0.04234,0.04253,47976
1779408000000,0.04253,0.04256,0.0425,0.0425,62890
1779408900000,0.0425,0.04258,0.0423,0.04237,164125
1779409800000,0.04237,0.04237,0.04218,0.04224,151920
1779410700000,0.04224,0.04229,0.04209,0.04213,540879
1779411600000,0.04213,0.04237,0.04206,0.04237,39129
1779412500000,0.04237,0.04237,0.0423,0.04237,191365
1779413400000,0.04237,0.04246,0.04225,0.04233,161584
1779414300000,0.04233,0.04262,0.04233,0.04253,221598
1779415200000,0.04253,0.04281,0.04253,0.04278,74679
1779416100000,0.04278,0.04288,0.04268,0.04281,165689
1779417000000,0.04281,0.04296,0.04279,0.0429,124110
1779417900000,0.0429,0.04303,0.04288,0.04294,236583
1779418800000,0.04294,0.04303,0.04288,0.04299,140615
1779419700000,0.04299,0.04302,0.0428,0.0428,107508
1779420600000,0.0428,0.04342,0.0428,0.04342,919839
1779421500000,0.04342,0.04358,0.04339,0.04352,238617
1779422400000,0.04352,0.0437,0.04345,0.04367,392705
1779423300000,0.04367,0.04376,0.04354,0.04368,311912
1779424200000,0.04368,0.04373,0.04331,0.04331,80710
1779425100000,0.04331,0.04333,0.04318,0.04333,172388
1779426000000,0.04333,0.04345,0.04308,0.04341,322698
1779426900000,0.04341,0.04349,0.04319,0.04322,130969
1779427800000,0.04322,0.04322,0.04296,0.043,99395
1779428700000,0.043,0.04341,0.043,0.04311,104132
1779429600000,0.04311,0.04311,0.04289,0.043,180283
1779430500000,0.043,0.04312,0.04294,0.04296,188020
1779431400000,0.04296,0.04308,0.0429,0.04308,525681
1779432300000,0.04308,0.04319,0.04286,0.04292,509434
1779433200000,0.04292,0.04292,0.04258,0.04287,254840
1779434100000,0.04287,0.043,0.04287,0.04295,92996
1779435000000,0.04295,0.04306,0.04289,0.04289,67433
1779435900000,0.04289,0.04302,0.04283,0.04283,237574
1779436800000,0.04283,0.04315,0.04283,0.04308,197859
1779437700000,0.04308,0.04331,0.04308,0.04318,198825
1779438600000,0.04318,0.04322,0.04277,0.0428,510176
1779439500000,0.0428,0.04287,0.04267,0.0427,155179
1779440400000,0.0427,0.04288,0.04254,0.04276,319478
1779441300000,0.04276,0.04304,0.04272,0.04297,76169
1779442200000,0.04297,0.04297,0.04266,0.04284,33499
1779443100000,0.04284,0.04297,0.04268,0.0428,133729
1779444000000,0.0428,0.0428,0.04256,0.0426,90580
1779444900000,0.0426,0.04275,0.04243,0.04273,163543
1779445800000,0.04273,0.04285,0.04273,0.04273,292050
1779446700000,0.04273,0.04273,0.04264,0.04269,35018
1779447600000,0.04269,0.0428,0.04269,0.04275,281850
1779448500000,0.04275,0.04275,0.04254,0.04257,174005
1779449400000,0.04257,0.04272,0.04257,0.04263,138717
1779450300000,0.04263,0.04295,0.04263,0.04293,483950
1779451200000,0.04293,0.04307,0.0428,0.043,83226
1779452100000,0.043,0.043,0.04277,0.04277,77599
1779453000000,0.04277,0.043,0.04275,0.043,49562
1779453900000,0.043,0.04325,0.043,0.04325,290963
1779454800000,0.04325,0.04328,0.04308,0.04314,597559
1779455700000,0.04314,0.04316,0.04301,0.04312,217292
1779456600000,0.04312,0.04312,0.04278,0.04288,1020055
1779457500000,0.04288,0.04297,0.04273,0.04294,49628
1779458400000,0.04294,0.04294,0.04229,0.04253,1201062
1779459300000,0.04253,0.04254,0.04201,0.04224,543517
1779460200000,0.04224,0.04233,0.04214,0.04223,156699
1779461100000,0.04223,0.04223,0.04211,0.04213,158667
1779462000000,0.04213,0.0423,0.04177,0.04189,1263129
1779462900000,0.04189,0.04204,0.04168,0.04196,238717
1779463800000,0.04196,0.04214,0.04182,0.04192,2290758
1779464700000,0.04192,0.04213,0.04178,0.0421,3193273
1779465600000,0.0421,0.04223,0.04207,0.04212,233153
1779466500000,0.04212,0.04212,0.04177,0.04184,272132
1779467400000,0.04184,0.04195,0.04171,0.04179,610915
1779468300000,0.04179,0.04205,0.04179,0.04195,123590
1779469200000,0.04195,0.04203,0.04184,0.04187,155846
1779470100000,0.04187,0.04195,0.04159,0.04184,1751250
1779471000000,0.04184,0.04195,0.04182,0.04195,66408
1779471900000,0.04195,0.04195,0.0416,0.0416,594990
1779472800000,0.0416,0.04161,0.04128,0.04148,1155410
1779473700000,0.04148,0.04168,0.04148,0.04148,72420
1779474600000,0.04148,0.04148,0.0409,0.04095,3893884
1779475500000,0.04095,0.04095,0.0404,0.04076,1401669
1779476400000,0.04076,0.04088,0.04025,0.04049,1582018
1779477300000,0.04049,0.04064,0.0404,0.04043,496058
1779478200000,0.04043,0.04043,0.03976,0.03989,1862340
1779479100000,0.03989,0.04021,0.03985,0.04002,995009
1779480000000,0.04002,0.0404,0.04001,0.04027,788095
1779480900000,0.04027,0.04034,0.0401,0.04034,136913
1779481800000,0.04034,0.04048,0.04017,0.04048,546567
1779482700000,0.04048,0.04049,0.04032,0.04043,66982
1779483600000,0.04043,0.04048,0.04033,0.04038,126529
1779484500000,0.04038,0.04053,0.04038,0.04053,70285
1779485400000,0.04053,0.04053,0.04047,0.04047,125
1779486300000,0.04047,0.04055,0.04047,0.04051,14391
1779487200000,0.04051,0.04051,0.0402,0.04027,1922958
1779488100000,0.04027,0.04027,0.04021,0.04022,52272
1779489000000,0.04022,0.04027,0.04016,0.04021,207395
1779489900000,0.04021,0.04023,0.04019,0.04023,34005
1779490800000,0.04023,0.04043,0.04023,0.04043,82107
1779491700000,0.04043,0.04043,0.04,0.04,81443
1779492600000,0.04,0.04019,0.03996,0.04018,130509
1779493500000,0.04018,0.04018,0.0395,0.03974,3114453
1779494400000,0.03974,0.03991,0.03959,0.03968,469628
1779495300000,0.03968,0.03976,0.03963,0.03964,95844
1779496200000,0.03964,0.03976,0.03945,0.03956,590764
1779497100000,0.03956,0.04,0.03956,0.04,388736
1779498000000,0.04,0.04007,0.03992,0.03992,123543
1779498900000,0.03992,0.04004,0.03977,0.04004,143008
1779499800000,0.04004,0.04012,0.03998,0.03998,97073
1779500700000,0.03998,0.03999,0.03987,0.03997,43799
1779501600000,0.03997,0.04001,0.03995,0.03999,132501
1779502500000,0.03999,0.04001,0.03995,0.04001,18400
1779503400000,0.04001,0.0401,0.03996,0.0401,662779
1779504300000,0.0401,0.04022,0.04009,0.04022,337789
1779505200000,0.04022,0.04028,0.04015,0.04016,145533
1779506100000,0.04016,0.04026,0.04016,0.04023,14245
1779507000000,0.04023,0.04024,0.04018,0.04018,43820
1779507900000,0.04018,0.04018,0.04005,0.04005,19371
1779508800000,0.04005,0.04005,0.03991,0.03999,537846
1779509700000,0.03999,0.04,0.03984,0.03991,373155
1779510600000,0.03991,0.04004,0.03991,0.03994,667247
1779511500000,0.03994,0.03994,0.03976,0.03983,326360
1779512400000,0.03983,0.0399,0.03973,0.03979,247489
1779513300000,0.03979,0.03992,0.03976,0.03978,504598
1779514200000,0.03978,0.03989,0.03972,0.03989,80577
1779515100000,0.03989,0.03991,0.03979,0.03979,335491
1779516000000,0.03979,0.03986,0.03978,0.03982,84268
1779516900000,0.03982,0.03988,0.03982,0.03984,139317
1779517800000,0.03984,0.03987,0.03976,0.03979,125121
1779518700000,0.03979,0.03984,0.03965,0.03973,838515
1779519600000,0.03973,0.03991,0.03973,0.03991,97452
1779520500000,0.03991,0.03991,0.03984,0.03986,44865
1779521400000,0.03986,0.03986,0.03974,0.03974,16960
1779522300000,0.03974,0.03974,0.03817,0.03859,14224784
1779523200000,0.03859,0.03869,0.03839,0.03859,393937
1779524100000,0.03859,0.03879,0.03859,0.03861,2063320
1779525000000,0.03861,0.03867,0.03844,0.03866,262788
1779525900000,0.03866,0.03901,0.03866,0.03895,372673
1779526800000,0.03895,0.03913,0.0389,0.03892,2147176
1779527700000,0.03892,0.03901,0.03892,0.03901,118509
1779528600000,0.03901,0.03909,0.03901,0.03908,52041
1779529500000,0.03908,0.03908,0.03896,0.03896,3043
1779530400000,0.03896,0.03914,0.03896,0.03914,10839
1779531300000,0.03914,0.03924,0.03914,0.03924,204921
1779532200000,0.03924,0.03947,0.03924,0.03946,82269
1779533100000,0.03946,0.03948,0.0394,0.03941,502084
1779534000000,0.03941,0.0396,0.03941,0.0396,78010
1779534900000,0.0396,0.03971,0.0396,0.03963,20866
1779535800000,0.03963,0.03966,0.03961,0.03966,423
1779536700000,0.03966,0.03966,0.03952,0.03952,1030
1779537600000,0.03952,0.03952,0.03929,0.03937,187329
1779538500000,0.03937,0.03937,0.03915,0.0393,880902
1779539400000,0.0393,0.03935,0.0393,0.03935,15328
1779540300000,0.03935,0.03958,0.03935,0.03953,27578
1779541200000,0.03953,0.0399,0.03953,0.03985,190246
1779542100000,0.03985,0.04027,0.03985,0.04027,502304
1779543000000,0.04027,0.04042,0.04011,0.04021,248965
1779543900000,0.04021,0.04044,0.04021,0.04039,338268
1779544800000,0.04039,0.04059,0.04028,0.04039,506491
1779545700000,0.04039,0.04041,0.04036,0.04036,12457
1779546600000,0.04036,0.04057,0.04036,0.04057,34565
1779547500000,0.04057,0.04085,0.0405,0.04081,163412
1779548400000,0.04081,0.04112,0.04072,0.04109,268062
1779549300000,0.04109,0.04109,0.04079,0.04079,35782
1779550200000,0.04079,0.04091,0.04071,0.04091,91781
1779551100000,0.04091,0.04105,0.04085,0.04086,190116
1779552000000,0.04086,0.04096,0.04064,0.04066,254414
1779552900000,0.04066,0.04077,0.04057,0.04059,417767
1779553800000,0.04059,0.04104,0.04059,0.04095,110387
1779554700000,0.04095,0.04104,0.04086,0.04101,382949
1779555600000,0.04101,0.04106,0.04093,0.04094,118543
1779556500000,0.04094,0.04094,0.0408,0.0408,17696
1779557400000,0.0408,0.0408,0.04066,0.04068,44838
1779558300000,0.04068,0.04069,0.04058,0.04065,7063
1779559200000,0.04065,0.04091,0.04065,0.04091,69747
1779560100000,0.04091,0.04125,0.04091,0.04125,150314
1779561000000,0.04125,0.04164,0.04125,0.04152,165377
1779561900000,0.04152,0.04168,0.04137,0.04157,80004
1779562800000,0.04157,0.04157,0.04136,0.0414,156177
1779563700000,0.0414,0.04179,0.0414,0.04179,242993
1779564600000,0.04179,0.04181,0.04152,0.04176,217891
1779565500000,0.04176,0.04176,0.04156,0.04156,29764
1779566400000,0.04156,0.04161,0.04144,0.04144,274978
1779567300000,0.04144,0.04149,0.04135,0.04141,173598
1779568200000,0.04141,0.04248,0.04133,0.04232,1344063
1779569100000,0.04232,0.04286,0.04232,0.04286,781715
1779570000000,0.04286,0.04301,0.04239,0.04257,382506
1779570900000,0.04257,0.04257,0.04205,0.04205,15584
1779571800000,0.04205,0.04205,0.04186,0.04193,17577
1779572700000,0.04193,0.04202,0.04189,0.04191,68767
1779573600000,0.04191,0.04206,0.04191,0.04194,53504
1779574500000,0.04194,0.04194,0.04188,0.04191,38491
1779575400000,0.04191,0.04191,0.04153,0.04165,1331020
1779576300000,0.04165,0.04169,0.04164,0.04164,25731
1779577200000,0.04164,0.04187,0.04159,0.04182,469067
1779578100000,0.04182,0.04182,0.04169,0.04178,27178
1779579000000,0.04178,0.04208,0.04178,0.04201,102443
1779579900000,0.04201,0.04212,0.04195,0.04207,173362
1779580800000,0.04207,0.04222,0.04197,0.04222,25412
1779581700000,0.04222,0.04227,0.04206,0.04227,170339
1779582600000,0.04227,0.04238,0.04223,0.04224,231120
1779583500000,0.04224,0.04233,0.04219,0.04233,442619
1779584400000,0.04233,0.04253,0.04233,0.04247,210039
1779585300000,0.04247,0.04259,0.04242,0.04244,34705
1779586200000,0.04244,0.0425,0.04237,0.04239,286917
1779587100000,0.04239,0.04244,0.04224,0.04228,332620
1779588000000,0.04228,0.04231,0.04208,0.04212,200099
1779588900000,0.04212,0.04212,0.0417,0.04174,377131
1779589800000,0.04174,0.04184,0.04163,0.04184,106238
1779590700000,0.04184,0.04205,0.04184,0.042,107578
1779591600000,0.042,0.042,0.04181,0.04181,224880
1779592500000,0.04181,0.04184,0.04177,0.0418,61856
1779593400000,0.0418,0.0418,0.04156,0.04159,93213
1779594300000,0.04159,0.04173,0.04158,0.0417,60810
1779595200000,0.0417,0.04181,0.04159,0.04175,502407
1779596100000,0.04175,0.04175,0.04171,0.04171,35109
1779597000000,0.04171,0.04186,0.04171,0.04177,123885
1779597900000,0.04177,0.04189,0.04177,0.04183,153842
1779598800000,0.04183,0.04194,0.04178,0.04184,112659
1779599700000,0.04184,0.04184,0.04167,0.04167,29331
1779600600000,0.04167,0.04173,0.0415,0.0415,95247
1779601500000,0.0415,0.04164,0.0415,0.04157,263743
1779602400000,0.04157,0.0416,0.04157,0.04157,4376
1779603300000,0.04157,0.04157,0.04143,0.04149,78825
1779604200000,0.04149,0.04149,0.04149,0.04149,0
1779605100000,0.04149,0.04171,0.04149,0.04168,71955
1779606000000,0.04168,0.04168,0.04158,0.04163,8138
1779606900000,0.04163,0.04163,0.04149,0.04152,36551
1779607800000,0.04152,0.04152,0.04144,0.04146,7120
1779608700000,0.04146,0.04153,0.04144,0.04144,277396
1779609600000,0.04144,0.04162,0.04131,0.04158,553254
1779610500000,0.04158,0.04182,0.04158,0.04179,144370
1779611400000,0.04179,0.04184,0.04173,0.04181,80179
1779612300000,0.04181,0.04181,0.04172,0.04172,72702
1779613200000,0.04172,0.04186,0.04172,0.04184,73571
1779614100000,0.04184,0.04184,0.04169,0.04176,242260
1779615000000,0.04176,0.04181,0.04175,0.04181,4015
1779615900000,0.04181,0.04181,0.04172,0.04172,21479
1779616800000,0.04172,0.04172,0.0414,0.04147,294233
1779617700000,0.04147,0.04178,0.04147,0.04156,173639
1779618600000,0.04156,0.04156,0.04141,0.04148,14442
1779619500000,0.04148,0.04148,0.04145,0.04145,8796
1779620400000,0.04145,0.04155,0.04145,0.04151,11702
1779621300000,0.04151,0.04151,0.04138,0.04138,305503
1779622200000,0.04138,0.0415,0.04138,0.0415,2147
1779623100000,0.0415,0.04156,0.0415,0.04156,11662
1779624000000,0.04156,0.04156,0.0412,0.04126,260524
1779624900000,0.04126,0.04126,0.04102,0.04106,185739
1779625800000,0.04106,0.04128,0.04106,0.04128,102864
1779626700000,0.04128,0.0413,0.04127,0.0413,24515
1779627600000,0.0413,0.04137,0.04127,0.04135,212352
1779628500000,0.04135,0.04143,0.04129,0.0413,436365
1779629400000,0.0413,0.0415,0.0413,0.0415,109611
1779630300000,0.0415,0.0415,0.04114,0.04125,424200
1779631200000,0.04125,0.04139,0.04079,0.04093,1092428
1779632100000,0.04093,0.04109,0.04058,0.04097,394881
1779633000000,0.04097,0.04106,0.04089,0.04106,43338
1779633900000,0.04106,0.04114,0.04105,0.04107,31240
1779634800000,0.04107,0.04124,0.04107,0.04118,51673
1779635700000,0.04118,0.04121,0.04115,0.04116,29152
1779636600000,0.04116,0.04123,0.04112,0.0412,49917
1779637500000,0.0412,0.04137,0.0412,0.04132,617091
1779638400000,0.04132,0.0415,0.04122,0.04148,55269
1779639300000,0.04148,0.04164,0.04146,0.04151,58634
1779640200000,0.04151,0.04151,0.04126,0.04132,19298
1779641100000,0.04132,0.0415,0.04131,0.0415,52106
1779642000000,0.0415,0.04155,0.0414,0.04141,240038
1779642900000,0.04141,0.04152,0.04141,0.04152,9048
1779643800000,0.04152,0.04156,0.04144,0.04149,49859
1779644700000,0.04149,0.04156,0.04142,0.04142,20880
1779645600000,0.04142,0.0415,0.04138,0.0415,13994
1779646500000,0.0415,0.0415,0.04135,0.04138,63737
1779647400000,0.04138,0.04138,0.0412,0.0412,108692
1779648300000,0.0412,0.04127,0.04118,0.04127,47989
1779649200000,0.04127,0.04143,0.04127,0.04141,301985
1779650100000,0.04141,0.04142,0.04131,0.04133,29341
1779651000000,0.04133,0.04136,0.04124,0.04132,18468
1779651900000,0.04132,0.04132,0.0413,0.0413,5087
1779652800000,0.0413,0.0413,0.04108,0.04119,98280
1779653700000,0.04119,0.04123,0.04111,0.04117,40183
1779654600000,0.04117,0.04118,0.04102,0.04102,22033
1779655500000,0.04102,0.04104,0.04091,0.04093,41652
1779656400000,0.04093,0.04105,0.04093,0.04104,195292
1779657300000,0.04104,0.04105,0.04069,0.04069,261714
1779658200000,0.04069,0.04077,0.04019,0.04022,170819
1779659100000,0.04022,0.04037,0.04022,0.04029,53782
1779660000000,0.04029,0.04117,0.04029,0.04113,669748
1779660900000,0.04113,0.04117,0.04106,0.04114,61381
1779661800000,0.04114,0.0412,0.04103,0.04103,48736
1779662700000,0.04103,0.04122,0.04103,0.04107,23716
1779663600000,0.04107,0.04116,0.04107,0.04112,10793
1779664500000,0.04112,0.0412,0.04112,0.04119,39138
1779665400000,0.04119,0.04135,0.04114,0.04135,128987
1779666300000,0.04135,0.04135,0.04122,0.04122,12682
1779667200000,0.04122,0.04154,0.04122,0.04154,60177
1779668100000,0.04154,0.0418,0.04154,0.04171,193572
1779669000000,0.04171,0.04183,0.04163,0.04171,242991
1779669900000,0.04171,0.04171,0.04156,0.04168,9034
1779670800000,0.04168,0.04176,0.04149,0.04158,39326
1779671700000,0.04158,0.04164,0.04154,0.04154,20704
1779672600000,0.04154,0.04154,0.04128,0.04128,18202
1779673500000,0.04128,0.04136,0.04113,0.04113,20853
1779674400000,0.04113,0.04157,0.04113,0.04151,46662
1779675300000,0.04151,0.04151,0.04137,0.04139,14359
1779676200000,0.04139,0.04145,0.04134,0.0414,8523
1779677100000,0.0414,0.0414,0.0414,0.0414,0
1779678000000,0.0414,0.0414,0.04134,0.04135,15879
1779678900000,0.04135,0.0415,0.04135,0.04147,89514
1779679800000,0.04147,0.04147,0.0414,0.04142,12205
1779680700000,0.04142,0.04151,0.04138,0.04151,82467
1779681600000,0.04151,0.04203,0.04151,0.04201,308270
1779682500000,0.04201,0.04205,0.0419,0.04205,242388
1779683400000,0.04205,0.04238,0.04205,0.04224,400046
1779684300000,0.04224,0.04264,0.04224,0.04252,255409
1779685200000,0.04252,0.04269,0.04237,0.04269,350236
1779686100000,0.04269,0.04273,0.04245,0.04245,514527
1779687000000,0.04245,0.04251,0.04233,0.04239,83559
1779687900000,0.04239,0.04251,0.04231,0.04231,74719
1779688800000,0.04231,0.04232,0.04213,0.04213,67387
1779689700000,0.04213,0.04214,0.0419,0.04201,184306
1779690600000,0.04201,0.04207,0.04199,0.04203,19296
1779691500000,0.04203,0.04229,0.04202,0.04229,233967
1779692400000,0.04229,0.04244,0.04229,0.0423,112442
1779693300000,0.0423,0.0423,0.04206,0.04217,344725
1779694200000,0.04217,0.04221,0.04211,0.04213,59404
1779695100000,0.04213,0.04217,0.0421,0.04213,92658
1779696000000,0.04213,0.04213,0.04193,0.042,598017
1779696900000,0.042,0.04201,0.042,0.042,5000
1779697800000,0.042,0.04212,0.04199,0.0421,25911
1779698700000,0.0421,0.04236,0.0421,0.04226,85603
1779699600000,0.04226,0.04231,0.04212,0.04231,82510
1779700500000,0.04231,0.04231,0.04218,0.04219,18237
1779701400000,0.04219,0.04225,0.04214,0.04214,45025
1779702300000,0.04214,0.04214,0.04214,0.04214,0
1779703200000,0.04214,0.04224,0.04214,0.04218,25172
1779704100000,0.04218,0.04241,0.04204,0.0421,1023680
1779705000000,0.0421,0.0421,0.04196,0.04197,670037
1779705900000,0.04197,0.04212,0.04185,0.04198,1132943
1779706800000,0.04198,0.04198,0.04164,0.04167,496572
1779707700000,0.04167,0.04172,0.04157,0.04159,168837
1779708600000,0.04159,0.04179,0.04149,0.04158,392975
1779709500000,0.04158,0.04158,0.04123,0.04137,361716
1779710400000,0.04137,0.04142,0.04127,0.04132,79816
1779711300000,0.04132,0.04166,0.04119,0.04163,276094
1779712200000,0.04163,0.04174,0.04136,0.04146,78125
1779713100000,0.04146,0.04154,0.04143,0.04153,54505
1779714000000,0.04153,0.04165,0.04143,0.04155,52474
1779714900000,0.04155,0.04161,0.04151,0.04151,17252
1779715800000,0.04151,0.0416,0.04148,0.04151,35818
1779716700000,0.04151,0.0416,0.04144,0.0416,12679
1779717600000,0.0416,0.04172,0.04148,0.04149,64802
1779718500000,0.04149,0.04172,0.04149,0.04172,242628
1779719400000,0.04172,0.04172,0.04148,0.04151,454446
1779720300000,0.04151,0.04163,0.04151,0.04163,40648
1779721200000,0.04163,0.04179,0.04163,0.04172,310076
1779722100000,0.04172,0.04172,0.04149,0.04156,325819
1779723000000,0.04156,0.04167,0.04142,0.04162,64843
1779723900000,0.04162,0.04162,0.04144,0.04152,32239
1779724800000,0.04152,0.04177,0.04148,0.04166,32487
1779725700000,0.04166,0.04169,0.04161,0.04161,132454
1779726600000,0.04161,0.04173,0.04161,0.04165,26656
1779727500000,0.04165,0.04194,0.04165,0.04186,285378
1779728400000,0.04186,0.04186,0.04157,0.04162,196217
1779729300000,0.04162,0.04167,0.04149,0.04164,39940
1779730200000,0.04164,0.04179,0.04164,0.04179,124932
1779731100000,0.04179,0.04179,0.0416,0.0416,12529
1779732000000,0.0416,0.04182,0.0416,0.04171,197555
1779732900000,0.04171,0.04171,0.04152,0.04153,162482
1779733800000,0.04153,0.04156,0.04138,0.04149,194833
1779734700000,0.04149,0.04167,0.04149,0.0415,118243
1779735600000,0.0415,0.0416,0.04148,0.04153,85115
1779736500000,0.04153,0.04158,0.04152,0.04158,17120
1779737400000,0.04158,0.04158,0.04128,0.04136,53349
1779738300000,0.04136,0.04149,0.04136,0.04142,58711
1779739200000,0.04142,0.04161,0.04142,0.0416,48096
1779740100000,0.0416,0.0416,0.04148,0.04149,109028
1779741000000,0.04149,0.04154,0.04124,0.0413,103768
1779741900000,0.0413,0.04135,0.0411,0.0411,98029
1779742800000,0.0411,0.04125,0.0411,0.04114,140503
1779743700000,0.04114,0.04125,0.04114,0.04118,335196
1779744600000,0.04118,0.04119,0.04118,0.04119,3894
1779745500000,0.04119,0.04123,0.04119,0.04123,21146
1779746400000,0.04123,0.0413,0.04123,0.04124,56237
1779747300000,0.04124,0.04127,0.04109,0.04109,101601
1779748200000,0.04109,0.04109,0.04079,0.0409,466229
1779749100000,0.0409,0.04093,0.04076,0.04077,53161
1779750000000,0.04077,0.04105,0.04067,0.04105,479596
1779750900000,0.04105,0.04109,0.04097,0.04109,38950
1779751800000,0.04109,0.0412,0.04109,0.04113,192582
1779752700000,0.04113,0.04117,0.04109,0.04117,32324
1779753600000,0.04117,0.04117,0.04098,0.04098,29519
1779754500000,0.04098,0.04103,0.04076,0.04084,32232
1779755400000,0.04084,0.04089,0.04066,0.0407,14201
1779756300000,0.0407,0.04071,0.0404,0.04071,113950
1779757200000,0.04071,0.04071,0.04049,0.04068,13738
1779758100000,0.04068,0.04068,0.04046,0.04047,110607
1779759000000,0.04047,0.04053,0.04023,0.04033,620473
1779759900000,0.04033,0.04055,0.04033,0.04055,64721
1779760800000,0.04055,0.04055,0.04039,0.04046,100919
1779761700000,0.04046,0.04047,0.04034,0.04034,36977
1779762600000,0.04034,0.04046,0.0403,0.04043,13416
1779763500000,0.04043,0.04058,0.04043,0.04048,822465
1779764400000,0.04048,0.04048,0.04028,0.04032,960429
1779765300000,0.04032,0.0404,0.04031,0.04031,37633
1779766200000,0.04031,0.04045,0.04031,0.04042,15305
1779767100000,0.04042,0.04049,0.04041,0.04049,7127
1779768000000,0.04049,0.04049,0.04043,0.04043,18416
1779768900000,0.04043,0.04078,0.04038,0.04076,7268
1779769800000,0.04076,0.0408,0.04066,0.04066,3383
1779770700000,0.04066,0.04075,0.04059,0.04075,42821
1779771600000,0.04075,0.04076,0.04069,0.0407,5988
1779772500000,0.0407,0.04085,0.0407,0.04084,9393
1779773400000,0.04084,0.041,0.04084,0.04099,18318
1779774300000,0.04099,0.04099,0.04079,0.04084,148176
1779775200000,0.04084,0.04084,0.04073,0.0408,40862
1779776100000,0.0408,0.0408,0.04058,0.04064,178240
1779777000000,0.04064,0.04087,0.04064,0.04087,67267
1779777900000,0.04087,0.04091,0.04076,0.04076,135173
1779778800000,0.04076,0.04079,0.04048,0.04048,35528
1779779700000,0.04048,0.04057,0.04039,0.04054,164324
1779780600000,0.04054,0.04054,0.04035,0.04045,38266
1779781500000,0.04045,0.04073,0.04045,0.04065,20651
1779782400000,0.04065,0.04069,0.04058,0.04069,40275
1779783300000,0.04069,0.04077,0.04067,0.04074,706544
1779784200000,0.04074,0.04078,0.04063,0.04078,52506
1779785100000,0.04078,0.04078,0.04061,0.04074,71499
1779786000000,0.04074,0.04089,0.04063,0.04088,143146
1779786900000,0.04088,0.04101,0.04083,0.0409,115657
1779787800000,0.0409,0.04095,0.04068,0.04074,274973
1779788700000,0.04074,0.04096,0.04074,0.0409,93757
1779789600000,0.0409,0.0413,0.0409,0.0413,376451
1779790500000,0.0413,0.04163,0.0413,0.04154,63797
1779791400000,0.04154,0.0417,0.04143,0.04166,115576
1779792300000,0.04166,0.04167,0.04154,0.04167,15143
1779793200000,0.04167,0.04167,0.04146,0.04146,7194
1779794100000,0.04146,0.04153,0.04145,0.0415,5094
1779795000000,0.0415,0.04159,0.04143,0.04159,108240
1779795900000,0.04159,0.04177,0.04158,0.04159,47553
1779796800000,0.04159,0.0416,0.04132,0.0416,104536
1779797700000,0.0416,0.0416,0.04149,0.04151,34632
1779798600000,0.04151,0.0416,0.0415,0.04156,72801
1779799500000,0.04156,0.04196,0.04156,0.04195,718089
1779800400000,0.04195,0.04201,0.04192,0.04194,142015
1779801300000,0.04194,0.04197,0.04164,0.04164,137530
1779802200000,0.04164,0.0419,0.04158,0.04184,104607
1779803100000,0.04184,0.042,0.04183,0.04196,371426
1779804000000,0.04196,0.04206,0.04193,0.042,56960
1779804900000,0.042,0.04247,0.042,0.04242,91055
1779805800000,0.04242,0.04248,0.04164,0.04176,189535
1779806700000,0.04176,0.04191,0.04175,0.04179,261231
1779807600000,0.04179,0.04179,0.04139,0.04157,109569
1779808500000,0.04157,0.04157,0.0411,0.04131,256653
1779809400000,0.04131,0.04131,0.04092,0.04119,671325
1779810300000,0.04119,0.04119,0.04077,0.04107,451231
1779811200000,0.04107,0.04107,0.04067,0.04078,265010
1779812100000,0.04078,0.04097,0.04078,0.04097,93465
1779813000000,0.04097,0.04099,0.04077,0.04088,86055
1779813900000,0.04088,0.04102,0.04079,0.04102,46406
1779814800000,0.04102,0.04118,0.041,0.04107,32742
1779815700000,0.04107,0.04107,0.04035,0.04041,381287
1779816600000,0.04041,0.04053,0.04013,0.04047,538927
1779817500000,0.04047,0.04068,0.04039,0.04051,241021
1779818400000,0.04051,0.04053,0.04041,0.04046,313293
1779819300000,0.04046,0.04068,0.04046,0.04064,100571
1779820200000,0.04064,0.04064,0.04019,0.04019,13807
1779821100000,0.04019,0.04034,0.04019,0.04022,28898
1779822000000,0.04022,0.04024,0.04006,0.04006,70806
1779822900000,0.04006,0.04016,0.04004,0.04015,20569
1779823800000,0.04015,0.04027,0.04015,0.04027,29464
1779824700000,0.04027,0.04042,0.04027,0.04037,8479
1779825600000,0.04037,0.04041,0.04024,0.04024,26834
1779826500000,0.04024,0.04026,0.04019,0.04025,27307
1779827400000,0.04025,0.04027,0.04017,0.04019,51575
1779828300000,0.04019,0.04025,0.04019,0.04025,51774
1779829200000,0.04025,0.04025,0.03995,0.04003,37585
1779830100000,0.04003,0.04018,0.04002,0.04018,20453
1779831000000,0.04018,0.04036,0.04018,0.04034,11608
1779831900000,0.04034,0.04034,0.04008,0.04008,1225
1779832800000,0.04008,0.04022,0.04007,0.04018,79320
1779833700000,0.04018,0.04025,0.04018,0.04022,66640
1779834600000,0.04022,0.0403,0.04022,0.04024,11080
1779835500000,0.04024,0.04024,0.04012,0.04015,5752
1779836400000,0.04015,0.04032,0.04015,0.04032,4857
1779837300000,0.04032,0.04035,0.04023,0.04023,6292
1779838200000,0.04023,0.04037,0.04023,0.04034,19420
1779839100000,0.04034,0.04034,0.0402,0.04024,6673
1779840000000,0.04024,0.04043,0.0402,0.04043,71467
1779840900000,0.04043,0.04046,0.04029,0.04046,56821
1779841800000,0.04046,0.04071,0.04046,0.04068,73372
1779842700000,0.04068,0.04076,0.04068,0.04075,5444
1779843600000,0.04075,0.04078,0.04066,0.04078,67661
1779844500000,0.04078,0.04079,0.04052,0.04069,1481160
1779845400000,0.04069,0.04076,0.04063,0.04064,146673
1779846300000,0.04064,0.04077,0.04061,0.04061,30871
1779847200000,0.04061,0.04061,0.04023,0.04027,270019
1779848100000,0.04027,0.04027,0.04003,0.04015,79022
1779849000000,0.04015,0.04015,0.03999,0.04,47642
1779849900000,0.04,0.04013,0.04,0.04011,42657
1779850800000,0.04011,0.0402,0.04009,0.0401,73535
1779851700000,0.0401,0.04018,0.04004,0.04018,39944
1779852600000,0.04018,0.04027,0.0401,0.0401,9372
1779853500000,0.0401,0.0401,0.03977,0.03982,547235
1779854400000,0.03982,0.04013,0.03979,0.04008,279381
1779855300000,0.04008,0.04008,0.03983,0.03983,180496
1779856200000,0.03983,0.03984,0.03945,0.03982,971875
1779857100000,0.03982,0.04026,0.03982,0.04026,134229
1779858000000,0.04026,0.04049,0.04026,0.04042,29792
1779858900000,0.04042,0.04084,0.04035,0.04075,71744
1779859800000,0.04075,0.04079,0.04054,0.04077,357890
1779860700000,0.04077,0.04106,0.04074,0.04104,128440
1779861600000,0.04104,0.04119,0.04095,0.04119,136609
1779862500000,0.04119,0.04153,0.04119,0.04153,84083
1779863400000,0.04153,0.04175,0.0415,0.04163,79236
1779864300000,0.04163,0.04175,0.04162,0.04173,30442
1779865200000,0.04173,0.04184,0.04173,0.04182,66658
1779866100000,0.04182,0.04206,0.04157,0.04205,364701
1779867000000,0.04205,0.0422,0.04173,0.04173,1449549
1779867900000,0.04173,0.04221,0.04173,0.04219,102010
1779868800000,0.04219,0.04227,0.04173,0.04173,195096
1779869700000,0.04173,0.04243,0.04173,0.04236,168733
1779870600000,0.04236,0.04255,0.04223,0.04223,96137
1779871500000,0.04223,0.04232,0.04171,0.0418,194585
1779872400000,0.0418,0.04193,0.04171,0.04177,105045
1779873300000,0.04177,0.042,0.04173,0.04193,43056
1779874200000,0.04193,0.042,0.04183,0.042,516695
1779875100000,0.042,0.04206,0.04176,0.04186,78679
1779876000000,0.04186,0.04186,0.04149,0.04171,255554
1779876900000,0.04171,0.04182,0.04169,0.04173,58988
1779877800000,0.04173,0.04173,0.04146,0.04146,141305
1779878700000,0.04146,0.0415,0.04146,0.04146,26448
1779879600000,0.04146,0.0417,0.04141,0.0417,123344
1779880500000,0.0417,0.04195,0.04167,0.04177,70026
1779881400000,0.04177,0.04177,0.0416,0.04167,67197
1779882300000,0.04167,0.04167,0.0413,0.04131,55070
1779883200000,0.04131,0.04137,0.04119,0.04126,29642
1779884100000,0.04126,0.04182,0.04121,0.04178,336408
1779885000000,0.04178,0.04188,0.04162,0.04168,108184
1779885900000,0.04168,0.04168,0.04159,0.04159,1507
1779886800000,0.04159,0.04159,0.04123,0.04135,133009
1779887700000,0.04135,0.04148,0.04128,0.04129,20802
1779888600000,0.04129,0.04134,0.04062,0.04063,628989
1779889500000,0.04063,0.04106,0.04063,0.04105,160050
1779890400000,0.04105,0.04128,0.04087,0.04098,281179
1779891300000,0.04098,0.04098,0.04056,0.04064,519513
1779892200000,0.04064,0.04076,0.04056,0.04066,48802
1779893100000,0.04066,0.04096,0.04066,0.0409,14644
1779894000000,0.0409,0.04119,0.0409,0.04119,270269
1779894900000,0.04119,0.04146,0.04118,0.04134,310277
1779895800000,0.04134,0.04144,0.04128,0.04135,27786
1779896700000,0.04135,0.04137,0.04117,0.0412,53601
1779897600000,0.0412,0.04133,0.0412,0.04133,3357
1779898500000,0.04133,0.04133,0.04093,0.04096,15095
1779899400000,0.04096,0.04106,0.04083,0.04098,75790
1779900300000,0.04098,0.04112,0.04097,0.04112,16700
1779901200000,0.04112,0.04112,0.04059,0.04062,204628
1779902100000,0.04062,0.04077,0.04055,0.04071,11334
1779903000000,0.04071,0.04072,0.04055,0.04072,90134
1779903900000,0.04072,0.04073,0.04046,0.04051,61939
1779904800000,0.04051,0.04069,0.04047,0.0405,115477
1779905700000,0.0405,0.04077,0.0405,0.04077,6017
1779906600000,0.04077,0.04079,0.04065,0.04079,13771
1779907500000,0.04079,0.041,0.04073,0.041,17280
1779908400000,0.041,0.04116,0.041,0.04105,5246
1779909300000,0.04105,0.04123,0.04105,0.04123,10088
1779910200000,0.04123,0.04123,0.04107,0.04118,33432
1779911100000,0.04118,0.04124,0.0411,0.04124,69557
1779912000000,0.04124,0.04124,0.04104,0.04122,45963
1779912900000,0.04122,0.04122,0.04119,0.04119,9390
1779913800000,0.04119,0.04119,0.04092,0.04109,52814
1779914700000,0.04109,0.0412,0.04109,0.0412,10574
1779915600000,0.0412,0.04141,0.04116,0.04136,185436
1779916500000,0.04136,0.04136,0.04105,0.04105,35856
1779917400000,0.04105,0.04105,0.04014,0.04034,658563
1779918300000,0.04034,0.04034,0.03991,0.04007,490911
1779919200000,0.04007,0.04042,0.03996,0.04002,361581
1779920100000,0.04002,0.0402,0.03991,0.0402,35155
1779921000000,0.0402,0.04023,0.0401,0.04021,302189
1779921900000,0.04021,0.04021,0.03986,0.03986,45917
1779922800000,0.03986,0.04002,0.03978,0.03996,600755
1779923700000,0.03996,0.04004,0.03976,0.03976,237923
1779924600000,0.03976,0.03994,0.03976,0.03987,111148
1779925500000,0.03987,0.04005,0.03983,0.04005,83076
1779926400000,0.04005,0.04008,0.0399,0.03991,144735
1779927300000,0.03991,0.04009,0.03991,0.03992,152692
1779928200000,0.03992,0.04006,0.03992,0.04003,27452
1779929100000,0.04003,0.04014,0.03997,0.04009,407042
1779930000000,0.04009,0.04009,0.03993,0.03997,65997
1779930900000,0.03997,0.03997,0.03933,0.03949,545618
1779931800000,0.03949,0.03965,0.03941,0.03965,105436
1779932700000,0.03965,0.03972,0.03965,0.03967,195807
1779933600000,0.03967,0.0398,0.03961,0.0398,44931
1779934500000,0.0398,0.03988,0.03975,0.03975,32315
1779935400000,0.03975,0.04007,0.03973,0.04,809315
1779936300000,0.04,0.04005,0.03994,0.03994,20384
1779937200000,0.03994,0.03994,0.03965,0.03972,67512
1779938100000,0.03972,0.03978,0.03904,0.03918,776304
1779939000000,0.03918,0.03919,0.0389,0.0389,487597
1779939900000,0.0389,0.03903,0.0384,0.03852,1274086
1779940800000,0.03852,0.03852,0.03769,0.03826,1260368
1779941700000,0.03826,0.03826,0.03765,0.03788,206817
1779942600000,0.03788,0.0382,0.03788,0.03816,535276
1779943500000,0.03816,0.03829,0.03808,0.03826,1045382
1779944400000,0.03826,0.03831,0.03795,0.03795,489281
1779945300000,0.03795,0.03795,0.03772,0.03782,73852
1779946200000,0.03782,0.03796,0.03782,0.03796,85814
1779947100000,0.03796,0.03808,0.03795,0.03808,21038
1779948000000,0.03808,0.03815,0.03806,0.0381,80395
1779948900000,0.0381,0.03817,0.03808,0.03808,91088
1779949800000,0.03808,0.03811,0.03804,0.03806,280594
1779950700000,0.03806,0.03835,0.03806,0.03826,254181
1779951600000,0.03826,0.03836,0.03826,0.03829,59558
1779952500000,0.03829,0.03861,0.03829,0.03854,154304
1779953400000,0.03854,0.03878,0.03851,0.03865,934659
1779954300000,0.03865,0.03865,0.03851,0.03861,11740
1779955200000,0.03861,0.03869,0.03848,0.03869,236494
1779956100000,0.03869,0.03869,0.03843,0.03843,67945
1779957000000,0.03843,0.03855,0.03834,0.03848,35806
1779957900000,0.03848,0.03848,0.03837,0.03843,26026
1779958800000,0.03843,0.0385,0.03835,0.03835,954770
1779959700000,0.03835,0.03864,0.03835,0.03862,7064
1779960600000,0.03862,0.03862,0.03856,0.03856,14431
1779961500000,0.03856,0.03871,0.03856,0.03865,12190
1779962400000,0.03865,0.03868,0.03855,0.03855,144475
1779963300000,0.03855,0.03861,0.03837,0.03839,711107
1779964200000,0.03839,0.03855,0.03839,0.03845,204950
1779965100000,0.03845,0.03851,0.03825,0.03825,233640
1779966000000,0.03825,0.03829,0.03805,0.03814,36140
1779966900000,0.03814,0.0382,0.038,0.038,129484
1779967800000,0.038,0.03809,0.03796,0.03797,82429
1779968700000,0.03797,0.03812,0.03796,0.03801,116249
1779969600000,0.03801,0.0381,0.03793,0.03793,52222
1779970500000,0.03793,0.03795,0.03777,0.03787,208978
1779971400000,0.03787,0.03814,0.03787,0.03814,243501
1779972300000,0.03814,0.03822,0.03813,0.03822,45300
1779973200000,0.03822,0.03837,0.03815,0.03815,65925
1779974100000,0.03815,0.03822,0.03799,0.0382,1044720
1779975000000,0.0382,0.03824,0.038,0.038,406875
1779975900000,0.038,0.03827,0.038,0.03825,499336
1779976800000,0.03825,0.03825,0.03737,0.03806,1075572
1779977700000,0.03806,0.03841,0.03798,0.03824,303600
1779978600000,0.03824,0.03828,0.03804,0.03804,334152
1779979500000,0.03804,0.03823,0.03797,0.0381,342017
1779980400000,0.0381,0.03826,0.038,0.038,306871
1779981300000,0.038,0.038,0.03782,0.038,95668
1779982200000,0.038,0.03822,0.038,0.0382,42256
1779983100000,0.0382,0.03832,0.03812,0.03812,7257
1779984000000,0.03812,0.03814,0.0379,0.0381,53684
1779984900000,0.0381,0.0385,0.0381,0.0385,296804
1779985800000,0.0385,0.03866,0.03843,0.03866,223533
1779986700000,0.03866,0.03907,0.03866,0.03906,138051
1779987600000,0.03906,0.03929,0.03889,0.0392,82809
1779988500000,0.0392,0.03928,0.03907,0.03913,305079
1779989400000,0.03913,0.03921,0.03908,0.03921,13619
1779990300000,0.03921,0.0394,0.03915,0.03915,70380
1779991200000,0.03915,0.03965,0.03915,0.03965,51554
1779992100000,0.03965,0.03971,0.03947,0.03947,99099
1779993000000,0.03947,0.03947,0.03935,0.03935,49529
1779993900000,0.03935,0.03935,0.03928,0.0393,10822
1779994800000,0.0393,0.0393,0.039,0.039,22810
1779995700000,0.039,0.03922,0.039,0.03919,7213
1779996600000,0.03919,0.03926,0.03898,0.039,52422
1779997500000,0.039,0.03903,0.03887,0.03887,440361
1779998400000,0.03887,0.03887,0.03856,0.03877,109124
1779999300000,0.03877,0.0389,0.03877,0.0389,15397
1780000200000,0.0389,0.03905,0.0389,0.03905,7649
1780001100000,0.03905,0.03905,0.03892,0.03892,360460
1780002000000,0.03892,0.03925,0.03888,0.03925,663641
1780002900000,0.03925,0.03927,0.03918,0.03918,130022
1780003800000,0.03918,0.03929,0.03918,0.03919,232291
1780004700000,0.03919,0.03923,0.0391,0.0391,4805
1780005600000,0.0391,0.03911,0.03906,0.03909,188127
1780006500000,0.03909,0.03909,0.03891,0.03894,84901
1780007400000,0.03894,0.03894,0.03878,0.03878,4120
1780008300000,0.03878,0.03897,0.03878,0.03897,19950
1780009200000,0.03897,0.03898,0.03894,0.03898,10170
1780010100000,0.03898,0.03911,0.03898,0.03911,27196
1780011000000,0.03911,0.03911,0.03907,0.03907,1873
1780011900000,0.03907,0.03907,0.0389,0.03892,3727
1780012800000,0.03892,0.03909,0.03892,0.03905,539649
1780013700000,0.03905,0.0391,0.03898,0.0391,52089
1780014600000,0.0391,0.03914,0.03896,0.03903,853288
1780015500000,0.03903,0.03903,0.03896,0.03898,19412
1780016400000,0.03898,0.03928,0.03898,0.03923,1035147
1780017300000,0.03923,0.03923,0.03893,0.03893,62100
1780018200000,0.03893,0.03906,0.03885,0.03906,15401
1780019100000,0.03906,0.03909,0.03906,0.03909,40269
1780020000000,0.03909,0.03986,0.03909,0.03986,508381
1780020900000,0.03986,0.03986,0.03948,0.0395,127359
1780021800000,0.0395,0.03961,0.03928,0.03946,813110
1780022700000,0.03946,0.03946,0.03891,0.03901,437463
1780023600000,0.03901,0.03935,0.03897,0.03935,245909
1780024500000,0.03935,0.03935,0.03916,0.03916,59244
1780025400000,0.03916,0.03916,0.039,0.03904,601518
1780026300000,0.03904,0.03904,0.03896,0.03896,4236
1780027200000,0.03896,0.03896,0.03872,0.03872,12886
1780028100000,0.03872,0.03959,0.0387,0.03959,1547609
1780029000000,0.03959,0.03989,0.03952,0.0397,650660
1780029900000,0.0397,0.03973,0.03963,0.0397,16646
1780030800000,0.0397,0.03978,0.03958,0.03958,113811
1780031700000,0.03958,0.03961,0.03934,0.03951,62911
1780032600000,0.03951,0.03951,0.03934,0.03934,51505
1780033500000,0.03934,0.03956,0.03934,0.03956,140654
1780034400000,0.03956,0.03965,0.03956,0.03958,200632
1780035300000,0.03958,0.04014,0.03958,0.03999,582130
1780036200000,0.03999,0.0402,0.03984,0.04017,138047
1780037100000,0.04017,0.04057,0.04017,0.04035,379055
1780038000000,0.04035,0.04158,0.04035,0.04149,776848
1780038900000,0.04149,0.04149,0.04117,0.04117,237791
1780039800000,0.04117,0.04117,0.04062,0.04081,391745
1780040700000,0.04081,0.04112,0.04077,0.04093,556978
1780041600000,0.04093,0.04122,0.04093,0.041,656629
1780042500000,0.041,0.04129,0.04088,0.04129,519236
1780043400000,0.04129,0.04133,0.04116,0.04123,167540
1780044300000,0.04123,0.04145,0.04107,0.04145,305595
1780045200000,0.04145,0.04156,0.04136,0.04155,419052
1780046100000,0.04155,0.04155,0.04089,0.04109,173493
1780047000000,0.04109,0.04109,0.04079,0.04085,95667
1780047900000,0.04085,0.04099,0.04079,0.04097,248119
1780048800000,0.04097,0.04117,0.04076,0.04076,100800
1780049700000,0.04076,0.04107,0.04076,0.04079,253568
1780050600000,0.04079,0.04101,0.04056,0.04075,315067
1780051500000,0.04075,0.0413,0.04075,0.04113,155956
1780052400000,0.04113,0.04143,0.04092,0.04142,1270004
1780053300000,0.04142,0.04203,0.04139,0.04189,876135
1780054200000,0.04189,0.04224,0.04129,0.04163,696070
1780055100000,0.04163,0.04198,0.04132,0.04198,850532
1780056000000,0.04198,0.04206,0.04141,0.04141,428472
1780056900000,0.04141,0.04196,0.04141,0.04156,430274
1780057800000,0.04156,0.04157,0.04031,0.04078,1690731
1780058700000,0.04078,0.04113,0.04043,0.04081,529996
1780059600000,0.04081,0.04087,0.04024,0.04037,441586
1780060500000,0.04037,0.04061,0.04028,0.04034,450328
1780061400000,0.04034,0.0405,0.03997,0.04038,1011536
1780062300000,0.04038,0.04053,0.04034,0.04049,71227
1780063200000,0.04049,0.04049,0.03993,0.03998,120274
1780064100000,0.03998,0.03998,0.03934,0.03955,429399
1780065000000,0.03955,0.03973,0.03923,0.03931,640624
1780065900000,0.03931,0.04041,0.03931,0.04016,637457
1780066800000,0.04016,0.04082,0.04009,0.04082,150269
1780067700000,0.04082,0.04136,0.04072,0.04129,500944
1780068600000,0.04129,0.04181,0.04125,0.04134,709137
1780069500000,0.04134,0.04141,0.04118,0.04135,372249
1780070400000,0.04135,0.04135,0.04111,0.04114,11161
1780071300000,0.04114,0.04156,0.04114,0.04116,104561
1780072200000,0.04116,0.04139,0.04116,0.0412,96634
1780073100000,0.0412,0.04136,0.04115,0.0412,232661
1780074000000,0.0412,0.04125,0.04104,0.04124,95131
1780074900000,0.04124,0.04137,0.04124,0.04134,80554
1780075800000,0.04134,0.04146,0.04134,0.04134,11819
1780076700000,0.04134,0.04134,0.0411,0.0411,13067
1780077600000,0.0411,0.04125,0.04102,0.04111,15209
1780078500000,0.04111,0.04111,0.04088,0.04089,92850
1780079400000,0.04089,0.04095,0.04089,0.04095,12475
1780080300000,0.04095,0.04095,0.04048,0.04061,688034
1780081200000,0.04061,0.0407,0.0404,0.04044,53443
1780082100000,0.04044,0.04044,0.04011,0.04025,343034
1780083000000,0.04025,0.04059,0.04025,0.04052,84848
1780083900000,0.04052,0.04057,0.04048,0.04057,31190
1780084800000,0.04057,0.04065,0.04046,0.04056,32611
1780085700000,0.04056,0.04068,0.04056,0.04066,69278
1780086600000,0.04066,0.04079,0.04066,0.04078,23712
1780087500000,0.04078,0.04078,0.04055,0.04056,192675
1780088400000,0.04056,0.04082,0.04056,0.04082,21297
1780089300000,0.04082,0.04082,0.04052,0.04052,66355
1780090200000,0.04052,0.04058,0.04033,0.04055,151555
1780091100000,0.04055,0.04064,0.04032,0.04035,73954
1780092000000,0.04035,0.04037,0.04012,0.04037,108389
1780092900000,0.04037,0.04063,0.04037,0.04059,8577
1780093800000,0.04059,0.04059,0.04058,0.04059,3843
1780094700000,0.04059,0.04061,0.04056,0.04061,109869
1780095600000,0.04061,0.04061,0.04041,0.04041,30488
1780096500000,0.04041,0.04046,0.04041,0.04046,252
1780097400000,0.04046,0.04057,0.04041,0.04041,10209
1780098300000,0.04041,0.04057,0.04041,0.04057,87510
1780099200000,0.04057,0.04065,0.04042,0.04046,76446
1780100100000,0.04046,0.0406,0.04033,0.04034,102042
1780101000000,0.04034,0.04055,0.04021,0.04055,44469
1780101900000,0.04055,0.04056,0.04051,0.04051,62558
1780102800000,0.04051,0.04063,0.04051,0.04063,40074
1780103700000,0.04063,0.04106,0.04059,0.04102,125487
1780104600000,0.04102,0.04111,0.04089,0.04092,280652
1780105500000,0.04092,0.04112,0.04092,0.04111,91386
1780106400000,0.04111,0.04134,0.04111,0.04122,300423
1780107300000,0.04122,0.04122,0.04099,0.041,291134
1780108200000,0.041,0.04129,0.041,0.04129,28124
1780109100000,0.04129,0.04129,0.04116,0.04118,11174
1780110000000,0.04118,0.04119,0.04112,0.04117,25213
1780110900000,0.04117,0.04136,0.04117,0.04135,21065
1780111800000,0.04135,0.04135,0.04104,0.04104,17357
1780112700000,0.04104,0.04116,0.04104,0.0411,23669
1780113600000,0.0411,0.04114,0.04067,0.0408,37016
1780114500000,0.0408,0.0408,0.0403,0.04036,181467
1780115400000,0.04036,0.04068,0.04018,0.04068,357515
1780116300000,0.04068,0.04077,0.04068,0.04077,5025
1780117200000,0.04077,0.04134,0.04051,0.04134,472716
1780118100000,0.04134,0.04134,0.04111,0.04114,100453
1780119000000,0.04114,0.04134,0.04114,0.04128,24940
1780119900000,0.04128,0.0413,0.04116,0.04126,14605
1780120800000,0.04126,0.04126,0.04115,0.04123,26229
1780121700000,0.04123,0.04128,0.04121,0.04128,26648
1780122600000,0.04128,0.04157,0.04128,0.04135,214192
1780123500000,0.04135,0.04135,0.04107,0.04107,37600
1780124400000,0.04107,0.04123,0.04096,0.04123,235004
1780125300000,0.04123,0.04123,0.04105,0.04114,73137
1780126200000,0.04114,0.04134,0.04114,0.0412,84862
1780127100000,0.0412,0.04122,0.04101,0.04117,90591
1780128000000,0.04117,0.04118,0.04111,0.04111,7555
1780128900000,0.04111,0.04111,0.04101,0.04111,130554
1780129800000,0.04111,0.04119,0.04111,0.04112,26613
1780130700000,0.04112,0.04112,0.04105,0.04105,770
1780131600000,0.04105,0.04122,0.04105,0.0412,57396
1780132500000,0.0412,0.04123,0.04108,0.04119,37279
1780133400000,0.04119,0.04129,0.04119,0.04123,64977
1780134300000,0.04123,0.04132,0.04121,0.04128,23757
1780135200000,0.04128,0.04128,0.04123,0.04127,142952
1780136100000,0.04127,0.0416,0.04127,0.04153,225495
1780137000000,0.04153,0.04191,0.04153,0.04175,393392
1780137900000,0.04175,0.04198,0.04175,0.04175,77029
1780138800000,0.04175,0.04177,0.04147,0.04171,162826
1780139700000,0.04171,0.0418,0.04158,0.0418,63575
1780140600000,0.0418,0.04202,0.04177,0.04182,149045
1780141500000,0.04182,0.04204,0.04182,0.04204,306410
1780142400000,0.04204,0.04215,0.04191,0.04191,156283
1780143300000,0.04191,0.04223,0.04191,0.04219,178613
1780144200000,0.04219,0.04233,0.04203,0.0421,259380
1780145100000,0.0421,0.04227,0.04209,0.04222,357837
1780146000000,0.04222,0.04244,0.0421,0.04217,792065
1780146900000,0.04217,0.04221,0.04202,0.04202,275408
1780147800000,0.04202,0.04202,0.04167,0.04175,344344
1780148700000,0.04175,0.04191,0.04175,0.04185,18899
1780149600000,0.04185,0.042,0.04173,0.04173,146405
1780150500000,0.04173,0.04206,0.04173,0.04203,45569
1780151400000,0.04203,0.04203,0.04183,0.04183,103773
1780152300000,0.04183,0.04188,0.0417,0.04188,67728
1780153200000,0.04188,0.04189,0.04164,0.04184,116686
1780154100000,0.04184,0.04184,0.04133,0.04152,527790
1780155000000,0.04152,0.04152,0.04126,0.04139,314451
1780155900000,0.04139,0.04152,0.04139,0.0415,289021
1780156800000,0.0415,0.04173,0.04145,0.04173,179353
1780157700000,0.04173,0.04175,0.04152,0.04175,605239
1780158600000,0.04175,0.04186,0.04175,0.0418,359230
1780159500000,0.0418,0.04187,0.04179,0.04187,50954
1780160400000,0.04187,0.04187,0.04161,0.0417,74765
1780161300000,0.0417,0.04181,0.0417,0.04173,16728
1780162200000,0.04173,0.04184,0.04166,0.04175,204983
1780163100000,0.04175,0.04189,0.04175,0.04189,103826
1780164000000,0.04189,0.04204,0.04189,0.04204,709319
1780164900000,0.04204,0.04209,0.04191,0.04191,217235
1780165800000,0.04191,0.04197,0.04189,0.04197,4115
1780166700000,0.04197,0.04208,0.04189,0.04189,176160
1780167600000,0.04189,0.04189,0.04189,0.04189,11907
1780168500000,0.04189,0.04192,0.0417,0.04175,533678
1780169400000,0.04175,0.04175,0.04166,0.04166,160112
1780170300000,0.04166,0.04184,0.04166,0.04184,18175
1780171200000,0.04184,0.04196,0.04173,0.04195,29980
1780172100000,0.04195,0.04203,0.04195,0.04197,79358
1780173000000,0.04197,0.0422,0.04187,0.04219,826033
1780173900000,0.04219,0.0422,0.04214,0.0422,12468
1780174800000,0.0422,0.04238,0.04215,0.04225,20122
1780175700000,0.04225,0.04255,0.04225,0.04255,202907
1780176600000,0.04255,0.04273,0.04255,0.04268,104721
1780177500000,0.04268,0.04275,0.04259,0.04259,24336
1780178400000,0.04259,0.04259,0.04203,0.04233,443336
1780179300000,0.04233,0.04241,0.04226,0.04231,21166
1780180200000,0.04231,0.04255,0.04219,0.04222,174155
1780181100000,0.04222,0.04231,0.04221,0.04227,150508
1780182000000,0.04227,0.04235,0.04199,0.04201,325846
1780182900000,0.04201,0.04225,0.04191,0.04221,106182
1780183800000,0.04221,0.04225,0.04198,0.04208,470263
1780184700000,0.04208,0.04236,0.04208,0.04236,128341
1780185600000,0.04236,0.04256,0.04206,0.04206,112133
1780186500000,0.04206,0.0422,0.04206,0.0422,90633
1780187400000,0.0422,0.0422,0.04187,0.04189,14919
1780188300000,0.04189,0.04248,0.04189,0.0423,438314
1780189200000,0.0423,0.04233,0.04176,0.04184,451587
1780190100000,0.04184,0.04197,0.04184,0.04185,214184
1780191000000,0.04185,0.04194,0.04157,0.04157,208433
1780191900000,0.04157,0.04171,0.04153,0.04154,231078
1780192800000,0.04154,0.0417,0.0415,0.04162,159888
1780193700000,0.04162,0.04172,0.04131,0.04132,843997
1780194600000,0.04132,0.04143,0.04113,0.04123,703704
1780195500000,0.04123,0.04141,0.04121,0.04135,165631
1780196400000,0.04135,0.0416,0.04135,0.0415,115694
1780197300000,0.0415,0.0416,0.04146,0.04153,86708
1780198200000,0.04153,0.04153,0.0414,0.04146,178475
1780199100000,0.04146,0.04156,0.04146,0.04154,641480
1780200000000,0.04154,0.04161,0.04145,0.04145,92171
1780200900000,0.04145,0.04164,0.04145,0.04158,85583
1780201800000,0.04158,0.04165,0.04153,0.04162,53126
1780202700000,0.04162,0.04177,0.04161,0.04173,48072
1780203600000,0.04173,0.04173,0.04155,0.04158,23201
1780204500000,0.04158,0.04158,0.04153,0.04153,6500
1780205400000,0.04153,0.04159,0.04145,0.04145,52783
1780206300000,0.04145,0.04145,0.04127,0.04137,71052
1780207200000,0.04137,0.04137,0.04124,0.04127,21546
1780208100000,0.04127,0.04127,0.04105,0.04123,90549
1780209000000,0.04123,0.04136,0.04123,0.04126,66729
1780209900000,0.04126,0.0414,0.04125,0.04135,40926
1780210800000,0.04135,0.04135,0.04108,0.04108,66247
1780211700000,0.04108,0.0411,0.04082,0.04095,502859
1780212600000,0.04095,0.04095,0.04076,0.04081,602252
1780213500000,0.04081,0.04088,0.04076,0.04084,222051
1780214400000,0.04084,0.04105,0.04082,0.04089,68266
1780215300000,0.04089,0.04104,0.04089,0.04089,342742
1780216200000,0.04089,0.0409,0.04081,0.04084,45115
1780217100000,0.04084,0.04091,0.04077,0.04089,253572
1780218000000,0.04089,0.04092,0.0408,0.0408,221245
1780218900000,0.0408,0.04099,0.0408,0.04096,223314
1780219800000,0.04096,0.04107,0.04096,0.04107,38730
1780220700000,0.04107,0.04107,0.04076,0.04082,388193
1780221600000,0.04082,0.04087,0.04059,0.04072,316257
1780222500000,0.04072,0.04072,0.04052,0.04064,155515
1780223400000,0.04064,0.04071,0.0406,0.04069,180496
1780224300000,0.04069,0.04087,0.04067,0.04084,54149
1780225200000,0.04084,0.04085,0.0408,0.04082,66898
1780226100000,0.04082,0.04088,0.0407,0.04088,224812
1780227000000,0.04088,0.04088,0.04082,0.04082,52195
1780227900000,0.04082,0.04082,0.04076,0.04077,97650
1780228800000,0.04077,0.04086,0.0407,0.04085,178047
1780229700000,0.04085,0.04093,0.04076,0.04076,78783
1780230600000,0.04076,0.04087,0.04074,0.04087,190442
1780231500000,0.04087,0.04092,0.04085,0.04091,64617
1780232400000,0.04091,0.04104,0.04091,0.04104,193256
1780233300000,0.04104,0.04116,0.04101,0.04104,93558
1780234200000,0.04104,0.04104,0.04098,0.04098,11476
1780235100000,0.04098,0.04098,0.04078,0.04081,66734
1780236000000,0.04081,0.04082,0.04055,0.04056,673075
1780236900000,0.04056,0.04067,0.04004,0.04004,1494805
1780237800000,0.04004,0.04031,0.04004,0.04008,177410
1780238700000,0.04008,0.04018,0.04008,0.04008,193802
1780239600000,0.04008,0.04017,0.04004,0.04017,8739
1780240500000,0.04017,0.04049,0.04017,0.04039,81286
1780241400000,0.04039,0.04045,0.04017,0.04024,287591
1780242300000,0.04024,0.04024,0.0401,0.04011,167141
1780243200000,0.04011,0.0402,0.04011,0.04016,123046
1780244100000,0.04016,0.04016,0.03987,0.04001,776437
1780245000000,0.04001,0.04001,0.0398,0.03981,19770
1780245900000,0.03981,0.03988,0.03976,0.0398,33763
1780246800000,0.0398,0.04,0.0398,0.03996,298534
1780247700000,0.03996,0.04013,0.03996,0.04002,180786
1780248600000,0.04002,0.04023,0.04002,0.04017,110664
1780249500000,0.04017,0.04024,0.04017,0.04024,3569
1780250400000,0.04024,0.04024,0.04013,0.04016,76056
1780251300000,0.04016,0.04016,0.04006,0.04012,8049
1780252200000,0.04012,0.04027,0.04012,0.0402,9250
1780253100000,0.0402,0.04039,0.0402,0.04039,48560
1780254000000,0.04039,0.04048,0.04016,0.04016,7391
1780254900000,0.04016,0.04024,0.04016,0.04019,36375
1780255800000,0.04019,0.04025,0.04019,0.04025,1765
1780256700000,0.04025,0.04036,0.04025,0.04036,803
1780257600000,0.04036,0.04048,0.04036,0.04047,648205
1780258500000,0.04047,0.04047,0.04045,0.04045,2138
1780259400000,0.04045,0.04048,0.04038,0.04038,39557
1780260300000,0.04038,0.04061,0.04038,0.04061,22210
1780261200000,0.04061,0.04067,0.04055,0.04058,419057
1780262100000,0.04058,0.04072,0.04058,0.04069,38074
1780263000000,0.04069,0.04088,0.04069,0.04082,79096
1780263900000,0.04082,0.04108,0.04082,0.04108,544
1780264800000,0.04108,0.04109,0.04086,0.04109,113754
1780265700000,0.04109,0.04115,0.04099,0.04115,15915
1780266600000,0.04115,0.04115,0.04099,0.04108,64425
1780267500000,0.04108,0.04112,0.04108,0.04112,18391
1780268400000,0.04112,0.04146,0.04112,0.0413,99995
1780269300000,0.0413,0.04138,0.04109,0.04109,168676
1780270200000,0.04109,0.04109,0.04089,0.04089,44151
1780271100000,0.04089,0.04122,0.04089,0.04114,24874
1780272000000,0.04114,0.04136,0.04114,0.04131,133913
1780272900000,0.04131,0.0416,0.04129,0.04158,154908
1780273800000,0.04158,0.04161,0.04142,0.04151,156978
1780274700000,0.04151,0.04168,0.04149,0.04149,97819
1780275600000,0.04149,0.0415,0.04138,0.04138,28261
1780276500000,0.04138,0.04138,0.04113,0.04115,13871
1780277400000,0.04115,0.04125,0.04113,0.04113,34913
1780278300000,0.04113,0.04113,0.04083,0.04083,16555
1780279200000,0.04083,0.04124,0.04073,0.04117,30547
1780280100000,0.04117,0.04123,0.04107,0.04123,51950
1780281000000,0.04123,0.04177,0.04122,0.04177,20976
1780281900000,0.04177,0.04182,0.04165,0.04176,45941
1780282800000,0.04176,0.04212,0.04176,0.04199,388147
1780283700000,0.04199,0.04218,0.04197,0.04217,178788
1780284600000,0.04217,0.04218,0.04194,0.04194,54967
1780285500000,0.04194,0.0421,0.04193,0.04207,208050
1780286400000,0.04207,0.04228,0.04188,0.04191,270039
1780287300000,0.04191,0.04191,0.04132,0.04133,113226
1780288200000,0.04133,0.04162,0.04133,0.04153,52214
1780289100000,0.04153,0.04153,0.04117,0.04141,84759
1780290000000,0.04141,0.04145,0.04122,0.04124,216986
1780290900000,0.04124,0.04132,0.04105,0.04105,141904
